0 0.380645 0.404839 0.077419 0.054839
0 0.429032 0.367742 0.170968 0.095161
0 0.583468 0.368145 0.079839 0.063710
0 0.550806 0.280645 0.069355 0.093548
0 0.658065 0.150806 0.050000 0.058065
0 0.710484 0.297177 0.104839 0.063710
0 0.031855 0.930645 0.063710 0.108065
0 0.236290 0.860887 0.095161 0.084677
0 0.863306 0.443952 0.147581 0.137903
0 0.959677 0.552016 0.054839 0.049194
0 0.886694 0.540726 0.099194 0.071774
0 0.949194 0.685484 0.101613 0.125806
0 0.983065 0.454839 0.033871 0.053226
0 0.638306 0.996774 0.036290 0.006452
0 0.789516 0.961290 0.120968 0.077419
0 0.232258 0.579839 0.016129 0.027419
0 0.179839 0.576613 0.072581 0.041935
0 0.313710 0.558871 0.064516 0.100000
0 0.412903 0.505242 0.064516 0.066935
0 0.475000 0.519355 0.029032 0.030645
0 0.529032 0.556452 0.035484 0.029032
0 0.538710 0.494758 0.080645 0.097581
0 0.316129 0.110887 0.064516 0.065323
0 0.649194 0.265726 0.014516 0.016935
0 0.613710 0.229032 0.048387 0.041935
0 0.600806 0.281855 0.020968 0.016935
0 0.609677 0.192742 0.041935 0.024194
0 0.061290 0.095968 0.033871 0.016129
0 0.017339 0.101613 0.034677 0.050000
0 0.022984 0.054839 0.044355 0.024194
0 0.026210 0.257661 0.021774 0.039516
