0 0.600806 0.040323 0.130645 0.080645
0 0.512097 0.214919 0.064516 0.071774
0 0.504435 0.320968 0.187903 0.195161
0 0.788710 0.706855 0.085484 0.094355
0 0.583468 0.718548 0.013710 0.014516
0 0.566129 0.705242 0.016129 0.023387
0 0.538710 0.661290 0.016129 0.017742
0 0.533065 0.712903 0.074194 0.072581
0 0.880645 0.374597 0.017742 0.016935
0 0.875806 0.444758 0.080645 0.087903
0 0.981855 0.769355 0.029839 0.037097
0 0.935484 0.816935 0.035484 0.041935
0 0.932661 0.752419 0.058871 0.033871
0 0.206855 0.258065 0.039516 0.029032
0 0.530242 0.123387 0.057258 0.083871
0 0.499597 0.033468 0.033065 0.044355
