0 0.012500 0.268145 0.025000 0.079839
0 0.133468 0.357258 0.170161 0.116129
0 0.501210 0.383468 0.075000 0.075000
0 0.443952 0.422984 0.063710 0.105645
0 0.363306 0.556452 0.068548 0.051613
0 0.389113 0.510081 0.029839 0.034677
0 0.275000 0.769355 0.075806 0.066129
0 0.021371 0.698790 0.042742 0.060484
0 0.130645 0.831452 0.062903 0.075806
0 0.011290 0.443952 0.022581 0.083065
0 0.766532 0.396774 0.050806 0.069355
0 0.681048 0.401613 0.099194 0.079032
0 0.842742 0.381048 0.011290 0.025000
0 0.821371 0.381855 0.026613 0.039516
0 0.821774 0.473790 0.080645 0.066935
0 0.927823 0.430242 0.028226 0.049194
0 0.965726 0.406452 0.054032 0.056452
0 0.442742 0.050000 0.067742 0.053226
0 0.455242 0.010484 0.063710 0.020968
0 0.631855 0.075806 0.031452 0.029032
0 0.663710 0.090726 0.040323 0.034677
0 0.720968 0.065726 0.041935 0.063710
0 0.477823 0.129435 0.058871 0.034677
0 0.660484 0.170968 0.014516 0.008065
0 0.654839 0.145161 0.022581 0.019355
0 0.700000 0.170161 0.043548 0.033871
0 0.623387 0.176613 0.025806 0.029032
0 0.647581 0.260887 0.019355 0.012097
0 0.635887 0.229839 0.029839 0.045161
0 0.685887 0.002016 0.026613 0.004032
