0 0.021774 0.695161 0.043548 0.061290
0 0.056452 0.767742 0.096774 0.111290
0 0.155645 0.588306 0.074194 0.112097
0 0.261694 0.770565 0.028226 0.029839
0 0.258065 0.825000 0.050000 0.045161
0 0.404435 0.979435 0.054032 0.041129
0 0.725806 0.851613 0.135484 0.129032
0 0.762097 0.740726 0.030645 0.034677
0 0.845565 0.716935 0.116935 0.074194
0 0.964113 0.763710 0.071774 0.120968
0 0.891532 0.832661 0.113710 0.071774
0 0.100806 0.189113 0.077419 0.057258
0 0.397581 0.297581 0.058065 0.096774
0 0.377823 0.418952 0.044355 0.031452
0 0.329435 0.434274 0.034677 0.044355
0 0.372984 0.466935 0.047581 0.045161
0 0.525000 0.399194 0.029032 0.022581
0 0.563710 0.283468 0.037097 0.034677
0 0.524597 0.284677 0.031452 0.054839
0 0.571774 0.218952 0.088710 0.033065
0 0.615323 0.116935 0.083871 0.058065
0 0.792742 0.229032 0.033871 0.040323
0 0.746371 0.351613 0.075000 0.091935
0 0.684677 0.398387 0.040323 0.074194
0 0.920565 0.054435 0.055645 0.075000
