0 0.547581 0.173790 0.101613 0.052419
0 0.743548 0.202016 0.222581 0.199194
0 0.609677 0.290323 0.070968 0.062903
0 0.651210 0.342339 0.136290 0.102419
0 0.631048 0.532661 0.118548 0.171774
0 0.573387 0.649597 0.046774 0.045968
0 0.536694 0.720161 0.225000 0.259677
0 0.131855 0.772581 0.089516 0.056452
0 0.321371 0.724597 0.158871 0.102419
0 0.403226 0.848790 0.016129 0.020161
0 0.368548 0.898790 0.082258 0.065323
0 0.242742 0.868952 0.066129 0.112097
0 0.261290 0.243952 0.064516 0.050806
0 0.052419 0.355645 0.072581 0.074194
