0 0.099597 0.565323 0.010484 0.024194
0 0.066935 0.585081 0.040323 0.060484
0 0.132661 0.639919 0.029839 0.031452
0 0.262097 0.814919 0.045161 0.054032
0 0.080645 0.025806 0.093548 0.051613
0 0.012097 0.022581 0.024194 0.045161
0 0.392339 0.397984 0.052419 0.054032
0 0.661694 0.420161 0.075000 0.046774
0 0.709274 0.247581 0.092742 0.082258
0 0.805645 0.289113 0.022581 0.031452
0 0.829032 0.317339 0.059677 0.034677
0 0.877016 0.253226 0.042742 0.035484
0 0.910484 0.296774 0.037097 0.038710
0 0.991935 0.393145 0.016129 0.031452
0 0.471371 0.793952 0.029839 0.018548
0 0.467339 0.844355 0.039516 0.037097
0 0.401210 0.481452 0.075000 0.074194
0 0.460887 0.537903 0.026613 0.014516
0 0.476613 0.566935 0.066129 0.051613
0 0.549597 0.615323 0.013710 0.008065
0 0.527419 0.647984 0.032258 0.033065
0 0.484274 0.656452 0.045968 0.030645
0 0.509274 0.614919 0.034677 0.025000
0 0.198790 0.475806 0.026613 0.024194
0 0.321371 0.460484 0.018548 0.020968
0 0.876210 0.389919 0.047581 0.049194
