0 0.017339 0.148387 0.034677 0.064516
0 0.093145 0.272177 0.186290 0.212097
0 0.324194 0.137097 0.188710 0.091935
0 0.259677 0.286290 0.093548 0.056452
0 0.408871 0.291935 0.164516 0.120968
0 0.712097 0.288710 0.064516 0.072581
0 0.620565 0.292742 0.102419 0.117742
0 0.952016 0.204435 0.095968 0.158871
0 0.691935 0.407258 0.045161 0.053226
0 0.724597 0.364516 0.070161 0.043548
0 0.378226 0.429435 0.116129 0.118548
0 0.182661 0.524597 0.142742 0.105645
0 0.062097 0.681855 0.103226 0.097581
0 0.733871 0.850806 0.082258 0.129032
0 0.832258 0.975000 0.074194 0.050000
0 0.763710 0.986290 0.075806 0.027419
0 0.329032 0.647984 0.037097 0.031452
0 0.355242 0.558871 0.099194 0.114516
0 0.475000 0.739516 0.046774 0.056452
0 0.516532 0.648387 0.089516 0.150000
0 0.462097 0.550403 0.046774 0.037903
0 0.145968 0.832661 0.070968 0.105645
0 0.626210 0.672581 0.028226 0.030645
0 0.599194 0.625806 0.041935 0.035484
0 0.592339 0.724194 0.062097 0.056452
0 0.238306 0.715726 0.013710 0.031452
0 0.250403 0.676613 0.086290 0.059677
