0 0.956452 0.939113 0.087097 0.078226
0 0.972984 0.834677 0.039516 0.075806
0 0.528226 0.949597 0.074194 0.065323
0 0.629032 0.967339 0.058065 0.065323
0 0.768145 0.891129 0.068548 0.062903
0 0.589113 0.772177 0.016935 0.026613
0 0.597177 0.814919 0.037903 0.031452
0 0.718548 0.765726 0.041935 0.070161
0 0.666532 0.680645 0.026613 0.032258
0 0.608065 0.278629 0.116129 0.060484
0 0.690323 0.202016 0.056452 0.062097
0 0.879435 0.187500 0.029839 0.025000
0 0.985887 0.191532 0.028226 0.047581
0 0.684677 0.100403 0.059677 0.045968
0 0.355645 0.320565 0.043548 0.050806
0 0.369758 0.376210 0.050806 0.063710
0 0.035887 0.412097 0.050806 0.046774
0 0.031855 0.477419 0.063710 0.079032
0 0.165726 0.604032 0.054032 0.106452
0 0.210484 0.301210 0.109677 0.081452
0 0.798790 0.506855 0.155645 0.149194
