0 0.006855 0.573387 0.013710 0.079032
0 0.429032 0.733065 0.043548 0.043548
0 0.412097 0.635887 0.032258 0.042742
0 0.136694 0.480645 0.039516 0.043548
0 0.191532 0.514113 0.066935 0.084677
0 0.179032 0.412500 0.083871 0.073387
0 0.362097 0.462903 0.046774 0.046774
0 0.437903 0.560484 0.070968 0.061290
0 0.094355 0.301613 0.041935 0.050000
0 0.193952 0.301613 0.073387 0.098387
0 0.330645 0.244355 0.030645 0.079032
0 0.002419 0.277419 0.004839 0.020968
0 0.013710 0.075403 0.027419 0.039516
0 0.062500 0.041935 0.039516 0.040323
0 0.071774 0.111290 0.032258 0.033871
0 0.141129 0.140726 0.040323 0.047581
0 0.343145 0.041532 0.097581 0.079839
0 0.254839 0.234274 0.035484 0.023387
0 0.473790 0.014516 0.045968 0.029032
0 0.444355 0.068548 0.053226 0.033871
0 0.874597 0.488306 0.045968 0.047581
0 0.929032 0.511694 0.040323 0.063710
0 0.586290 0.386694 0.037097 0.047581
0 0.912903 0.404032 0.053226 0.072581
0 0.583871 0.252823 0.050000 0.066935
0 0.755242 0.347984 0.034677 0.021774
0 0.651613 0.282258 0.054839 0.022581
0 0.680242 0.021774 0.073387 0.043548
0 0.866935 0.306048 0.098387 0.078226
