0 0.081452 0.349597 0.162903 0.160484
0 0.244355 0.293145 0.095161 0.097581
0 0.036694 0.492339 0.073387 0.154032
0 0.054435 0.800806 0.070161 0.070968
0 0.260484 0.772177 0.111290 0.100806
0 0.344758 0.665726 0.118548 0.131452
0 0.630645 0.668548 0.066129 0.096774
0 0.652016 0.854032 0.105645 0.103226
0 0.307661 0.279839 0.029839 0.043548
0 0.338710 0.348790 0.041935 0.044355
0 0.213306 0.187500 0.028226 0.029839
0 0.432661 0.192742 0.029839 0.053226
0 0.717742 0.165323 0.022581 0.035484
0 0.891129 0.069758 0.045161 0.023387
