0 0.887903 0.087097 0.129032 0.122581
0 0.616935 0.236694 0.103226 0.081452
0 0.610887 0.126613 0.116935 0.124194
0 0.453226 0.061290 0.129032 0.088710
0 0.157661 0.077419 0.129839 0.154839
0 0.545565 0.367339 0.187903 0.155645
0 0.414113 0.307258 0.045968 0.048387
0 0.685484 0.485484 0.203226 0.093548
0 0.621371 0.638710 0.147581 0.124194
0 0.818548 0.649597 0.253226 0.116935
0 0.384274 0.850000 0.076613 0.100000
0 0.158468 0.985887 0.089516 0.028226
0 0.171371 0.933871 0.095968 0.067742
0 0.925000 0.789516 0.122581 0.180645
