0 0.277823 0.673790 0.047581 0.036290
0 0.229435 0.717339 0.083065 0.128226
0 0.277016 0.812097 0.089516 0.101613
0 0.085484 0.070161 0.090323 0.064516
0 0.130645 0.290323 0.119355 0.117742
0 0.254032 0.054032 0.153226 0.108065
0 0.199597 0.525403 0.083065 0.104032
0 0.601210 0.590726 0.062097 0.068548
0 0.799194 0.027823 0.127419 0.055645
0 0.904839 0.097177 0.122581 0.112097
0 0.841129 0.550806 0.074194 0.104839
0 0.791532 0.764516 0.013710 0.029032
0 0.810484 0.733871 0.019355 0.016129
0 0.743952 0.743145 0.081452 0.076613
0 0.790726 0.925806 0.091129 0.069355
