0 0.070968 0.900403 0.141935 0.136290
0 0.433871 0.902016 0.046774 0.034677
0 0.066532 0.497984 0.049194 0.078226
0 0.357661 0.612500 0.100806 0.055645
0 0.352823 0.542742 0.055645 0.069355
0 0.353226 0.446774 0.093548 0.085484
0 0.241935 0.094758 0.074194 0.063710
0 0.084677 0.113710 0.037097 0.053226
0 0.241935 0.171371 0.187097 0.086290
0 0.344758 0.129435 0.092742 0.060484
0 0.093952 0.026210 0.033065 0.045968
0 0.677419 0.777823 0.038710 0.055645
0 0.984274 0.836290 0.031452 0.029032
0 0.555242 0.695565 0.068548 0.058871
0 0.823790 0.560081 0.058871 0.092742
0 0.622581 0.528226 0.029032 0.027419
0 0.639919 0.563710 0.047581 0.035484
0 0.445161 0.332258 0.077419 0.079032
0 0.433468 0.094355 0.054032 0.054839
0 0.493145 0.079435 0.055645 0.073387
0 0.780645 0.132661 0.090323 0.102419
0 0.876210 0.137903 0.062097 0.080645
0 0.958871 0.290726 0.064516 0.091129
0 0.753629 0.430242 0.158871 0.097581
0 0.497581 0.543145 0.009677 0.010484
0 0.517339 0.511694 0.036290 0.050806
0 0.388710 0.262097 0.051613 0.040323
0 0.913306 0.478226 0.097581 0.075806
