0 0.011290 0.148790 0.022581 0.045968
0 0.338710 0.181452 0.075806 0.095161
0 0.272581 0.209677 0.169355 0.156452
0 0.292339 0.361694 0.176613 0.131452
0 0.739516 0.075403 0.122581 0.123387
0 0.838710 0.037903 0.154839 0.075806
0 0.840726 0.160081 0.221774 0.141129
0 0.741129 0.326613 0.074194 0.080645
0 0.854032 0.334274 0.103226 0.075000
0 0.864919 0.566935 0.057258 0.061290
0 0.624597 0.222581 0.081452 0.061290
0 0.673790 0.252823 0.037903 0.050806
0 0.110484 0.944355 0.090323 0.111290
0 0.179839 0.690323 0.119355 0.124194
0 0.032661 0.630645 0.065323 0.101613
0 0.031452 0.720565 0.062903 0.062097
0 0.021371 0.851210 0.042742 0.042742
0 0.118548 0.820968 0.095161 0.109677
0 0.421774 0.670565 0.016129 0.016935
0 0.427419 0.739919 0.016129 0.018548
0 0.447581 0.677419 0.019355 0.016129
0 0.450403 0.714516 0.031452 0.043548
0 0.290323 0.799194 0.038710 0.033871
