0 0.030242 0.508871 0.060484 0.090323
0 0.250806 0.558468 0.243548 0.181452
0 0.126613 0.715726 0.122581 0.102419
0 0.240726 0.839919 0.133065 0.139516
0 0.450403 0.625806 0.026613 0.024194
0 0.406855 0.687903 0.121774 0.112903
0 0.593145 0.331855 0.091129 0.104032
0 0.795565 0.501210 0.100806 0.091129
0 0.679839 0.030645 0.037097 0.025806
0 0.760081 0.028226 0.107258 0.056452
0 0.736290 0.120565 0.109677 0.118548
0 0.987097 0.164113 0.025806 0.087903
0 0.462500 0.212500 0.049194 0.068548
0 0.224597 0.358871 0.091129 0.043548
