0 0.092339 0.781048 0.141129 0.094355
0 0.814516 0.272984 0.135484 0.073387
0 0.976613 0.646371 0.046774 0.070161
0 0.132258 0.669355 0.111290 0.109677
0 0.331452 0.717339 0.045161 0.044355
0 0.379032 0.580242 0.067742 0.073387
0 0.463306 0.582258 0.039516 0.032258
0 0.429032 0.652823 0.025806 0.029839
0 0.372984 0.652823 0.029839 0.034677
0 0.445565 0.843145 0.041129 0.050806
0 0.408871 0.821371 0.053226 0.076613
0 0.480242 0.951210 0.065323 0.068548
0 0.110081 0.943145 0.108871 0.062097
0 0.079839 0.554839 0.104839 0.091935
0 0.228629 0.582258 0.070161 0.037097
0 0.239919 0.105645 0.044355 0.048387
0 0.201613 0.395968 0.037097 0.030645
0 0.016129 0.302016 0.032258 0.041129
0 0.068145 0.236290 0.041129 0.029032
0 0.108065 0.120565 0.051613 0.041129
