0 0.270161 0.372177 0.111290 0.139516
0 0.139113 0.299597 0.170161 0.139516
0 0.079839 0.435484 0.093548 0.117742
0 0.257258 0.532661 0.193548 0.189516
0 0.402419 0.450806 0.151613 0.166129
0 0.654032 0.471774 0.150000 0.170968
0 0.209274 0.735484 0.118548 0.120968
0 0.521371 0.130645 0.166935 0.114516
0 0.150403 0.057661 0.155645 0.115323
0 0.324597 0.255242 0.076613 0.079839
0 0.145161 0.197581 0.022581 0.032258
0 0.242742 0.138710 0.162903 0.127419
0 0.700806 0.131048 0.182258 0.154032
0 0.672177 0.236694 0.060484 0.076613
0 0.505645 0.303226 0.024194 0.012903
0 0.553629 0.264919 0.084677 0.047581
0 0.622581 0.326210 0.070968 0.078226
0 0.438710 0.356855 0.095161 0.057258
