0 0.116935 0.741129 0.058065 0.074194
0 0.307258 0.768952 0.116129 0.152419
0 0.365323 0.982258 0.103226 0.035484
0 0.241532 0.842339 0.113710 0.045968
0 0.046371 0.495161 0.092742 0.091935
0 0.268952 0.494355 0.075000 0.103226
0 0.139516 0.206855 0.233871 0.263710
0 0.522581 0.434274 0.111290 0.104032
0 0.009677 0.108871 0.019355 0.035484
0 0.479839 0.662097 0.037097 0.067742
0 0.531855 0.783871 0.045968 0.072581
0 0.460887 0.093548 0.016935 0.017742
0 0.491129 0.123387 0.079032 0.082258
0 0.705645 0.753226 0.037097 0.059677
0 0.618548 0.741935 0.074194 0.080645
0 0.708468 0.672177 0.099194 0.097581
0 0.721774 0.467742 0.061290 0.061290
0 0.736694 0.548790 0.086290 0.070161
0 0.831452 0.712097 0.053226 0.056452
0 0.685887 0.227823 0.054032 0.073387
0 0.971371 0.375806 0.057258 0.082258
0 0.972984 0.250000 0.054032 0.112903
