0 0.266129 0.226613 0.091935 0.050000
0 0.023790 0.538710 0.047581 0.087097
0 0.242339 0.847177 0.112097 0.086290
0 0.161290 0.770968 0.046774 0.051613
0 0.054839 0.705242 0.054839 0.049194
0 0.362903 0.757661 0.122581 0.065323
0 0.407258 0.511290 0.033871 0.030645
0 0.389113 0.560081 0.081452 0.089516
0 0.527016 0.717742 0.045968 0.043548
0 0.422177 0.697177 0.045968 0.039516
0 0.579032 0.578226 0.041935 0.037097
0 0.640323 0.541129 0.058065 0.029032
0 0.726613 0.618952 0.070968 0.042742
0 0.783065 0.608468 0.035484 0.052419
0 0.951613 0.566129 0.056452 0.035484
0 0.308871 0.495161 0.058065 0.038710
0 0.041129 0.404435 0.067742 0.075000
0 0.138306 0.338306 0.058871 0.036290
0 0.786694 0.663710 0.026613 0.024194
0 0.817339 0.597177 0.029839 0.033065
0 0.822177 0.564113 0.025000 0.021774
0 0.885081 0.473387 0.007258 0.006452
0 0.861290 0.464919 0.027419 0.020161
0 0.701613 0.392742 0.030645 0.027419
0 0.573790 0.400806 0.029839 0.020968
0 0.242742 0.257661 0.027419 0.025000
0 0.290323 0.268548 0.022581 0.017742
0 0.746774 0.103629 0.120968 0.113710
0 0.915323 0.012500 0.061290 0.025000
0 0.975403 0.021774 0.049194 0.033871
0 0.833065 0.205645 0.104839 0.061290
0 0.903629 0.193145 0.034677 0.062097
0 0.825403 0.289516 0.068548 0.120968
0 0.283871 0.337903 0.054839 0.067742
0 0.204839 0.402016 0.030645 0.025000
0 0.120968 0.565726 0.027419 0.034677
0 0.022177 0.593548 0.029839 0.037097
0 0.141935 0.596774 0.025806 0.024194
