0 0.974597 0.460081 0.050806 0.092742
0 0.651210 0.363710 0.091129 0.132258
0 0.220565 0.587903 0.250806 0.122581
0 0.406855 0.594355 0.045968 0.043548
0 0.425403 0.652419 0.058871 0.067742
0 0.822177 0.677419 0.120161 0.129032
0 0.310484 0.058065 0.048387 0.038710
0 0.379435 0.057661 0.079839 0.047581
0 0.489113 0.035081 0.113710 0.055645
0 0.227823 0.177419 0.113710 0.154839
0 0.587903 0.193145 0.038710 0.034677
0 0.660081 0.168548 0.055645 0.075806
0 0.616935 0.029839 0.027419 0.022581
0 0.695565 0.036694 0.123387 0.073387
0 0.906855 0.027419 0.123387 0.054839
0 0.969355 0.118145 0.061290 0.121774
