0 0.208065 0.653629 0.091935 0.097581
0 0.067339 0.754032 0.087903 0.054839
0 0.372984 0.521774 0.133065 0.085484
0 0.144758 0.170161 0.218548 0.237097
0 0.400403 0.716129 0.125000 0.079032
0 0.756048 0.701613 0.118548 0.062903
0 0.521774 0.976613 0.035484 0.016129
0 0.520968 0.919758 0.045161 0.034677
0 0.569758 0.966129 0.062097 0.064516
0 0.692339 0.965323 0.086290 0.069355
0 0.704435 0.830645 0.045968 0.037097
0 0.560081 0.821774 0.073387 0.075806
0 0.635484 0.816935 0.072581 0.075806
0 0.231048 0.818548 0.086290 0.083871
0 0.075806 0.820565 0.035484 0.033065
