0 0.151613 0.497581 0.075806 0.095161
0 0.085484 0.525806 0.169355 0.156452
0 0.105242 0.677823 0.176613 0.131452
0 0.552419 0.391532 0.122581 0.123387
0 0.654032 0.316129 0.161290 0.151613
0 0.653629 0.476210 0.221774 0.141129
0 0.497984 0.130645 0.063710 0.041935
0 0.714113 0.141129 0.050806 0.067742
0 0.591935 0.147984 0.103226 0.075000
0 0.716532 0.021774 0.097581 0.043548
0 0.554032 0.642742 0.074194 0.080645
0 0.666935 0.650403 0.103226 0.075000
0 0.677823 0.883065 0.057258 0.061290
0 0.437500 0.538710 0.081452 0.061290
0 0.486694 0.568952 0.037903 0.050806
0 0.026210 0.972177 0.052419 0.055645
0 0.234677 0.986694 0.016129 0.016935
0 0.260484 0.992742 0.019355 0.014516
