0 0.750000 0.410484 0.353226 0.303226
0 0.087903 0.403226 0.129032 0.122581
0 0.033871 0.281048 0.067742 0.079839
0 0.408871 0.281452 0.119355 0.148387
0 0.494758 0.391532 0.176613 0.126613
0 0.072581 0.949194 0.145161 0.083871
0 0.301613 0.612097 0.106452 0.040323
0 0.504839 0.726613 0.017742 0.019355
0 0.461694 0.725000 0.068548 0.098387
0 0.420161 0.787903 0.038710 0.062903
0 0.697177 0.656452 0.054032 0.050000
0 0.782258 0.783871 0.085484 0.124194
0 0.815726 0.675806 0.062097 0.050000
0 0.885484 0.678226 0.075806 0.054839
