0 0.287097 0.270968 0.082258 0.066129
0 0.217339 0.212097 0.129839 0.114516
0 0.375403 0.242339 0.078226 0.054032
0 0.204839 0.728629 0.087097 0.094355
0 0.722581 0.387500 0.124194 0.144355
0 0.663306 0.249194 0.034677 0.059677
0 0.658468 0.181452 0.044355 0.051613
0 0.892339 0.464919 0.141129 0.094355
0 0.932258 0.353226 0.111290 0.109677
0 0.736694 0.805645 0.020161 0.017742
0 0.668548 0.810887 0.096774 0.052419
0 0.773790 0.791532 0.029839 0.023387
0 0.783065 0.708065 0.111290 0.090323
0 0.900403 0.782258 0.113710 0.119355
0 0.910081 0.627016 0.108871 0.062097
0 0.879839 0.238710 0.104839 0.091935
0 0.991532 0.077823 0.016935 0.026613
0 0.756048 0.109677 0.089516 0.051613
0 0.764919 0.038710 0.036290 0.032258
0 0.813306 0.003226 0.023387 0.006452
