0 0.612903 0.226613 0.133871 0.193548
0 0.287097 0.587097 0.082258 0.066129
0 0.217339 0.528226 0.129839 0.114516
0 0.375403 0.558468 0.078226 0.054032
0 0.722581 0.703629 0.124194 0.144355
0 0.663306 0.565323 0.034677 0.059677
0 0.658468 0.497581 0.044355 0.051613
0 0.892339 0.781048 0.141129 0.094355
0 0.932258 0.669355 0.111290 0.109677
0 0.790726 0.989516 0.037903 0.020968
0 0.910081 0.943145 0.108871 0.062097
0 0.879839 0.554839 0.104839 0.091935
0 0.991532 0.393952 0.016935 0.026613
0 0.756048 0.425806 0.089516 0.051613
0 0.685887 0.290323 0.021774 0.030645
0 0.727823 0.283468 0.062097 0.029839
0 0.764919 0.354839 0.036290 0.032258
0 0.814516 0.302016 0.035484 0.041129
0 0.868145 0.236290 0.041129 0.029032
0 0.908065 0.120565 0.051613 0.041129
