0 0.189919 0.018145 0.100806 0.036290
0 0.532258 0.004435 0.048387 0.008871
0 0.413306 0.017742 0.062097 0.035484
0 0.504839 0.091129 0.045161 0.053226
0 0.537500 0.048387 0.070161 0.043548
0 0.191129 0.113306 0.116129 0.118548
0 0.033468 0.188306 0.066935 0.065323
0 0.546774 0.534677 0.082258 0.129032
0 0.645161 0.668548 0.074194 0.069355
0 0.625403 0.720161 0.173387 0.127419
0 0.141935 0.331855 0.037097 0.031452
0 0.168145 0.242742 0.099194 0.114516
0 0.287903 0.423387 0.046774 0.056452
0 0.329435 0.332258 0.089516 0.150000
0 0.275000 0.234274 0.046774 0.037903
0 0.439113 0.356452 0.028226 0.030645
0 0.412097 0.309677 0.041935 0.035484
0 0.405242 0.408065 0.062097 0.056452
0 0.051210 0.399597 0.013710 0.031452
0 0.063306 0.360484 0.086290 0.059677
