0 0.331048 0.639516 0.078226 0.056452
0 0.310081 0.754435 0.178226 0.165323
0 0.414919 0.255645 0.176613 0.124194
0 0.618145 0.137903 0.095968 0.083871
0 0.804839 0.362903 0.072581 0.127419
0 0.556855 0.964516 0.283065 0.070968
0 0.954435 0.793548 0.039516 0.027419
0 0.757258 0.682258 0.058065 0.043548
0 0.918145 0.723790 0.062097 0.062097
0 0.824597 0.758468 0.133065 0.115323
0 0.784677 0.304839 0.006452 0.008065
0 0.768548 0.319758 0.012903 0.020161
0 0.962500 0.910484 0.075000 0.159677
0 0.676210 0.870565 0.083065 0.099194
