0 0.037500 0.637903 0.075000 0.087097
0 0.044355 0.046371 0.088710 0.092742
0 0.034274 0.346774 0.068548 0.109677
0 0.185081 0.435081 0.149194 0.183065
0 0.124597 0.290323 0.097581 0.150000
0 0.207258 0.311290 0.027419 0.032258
0 0.252823 0.278629 0.063710 0.070161
0 0.284274 0.138306 0.078226 0.041129
0 0.358871 0.091532 0.183871 0.125000
0 0.403226 0.255242 0.067742 0.081452
0 0.492339 0.322984 0.116935 0.097581
0 0.521774 0.012500 0.029032 0.025000
0 0.629839 0.028629 0.064516 0.054032
0 0.017742 0.104435 0.033871 0.026613
