0 0.315323 0.950806 0.187097 0.098387
0 0.147581 0.293952 0.096774 0.050806
0 0.121371 0.045161 0.084677 0.041935
0 0.635081 0.081048 0.116935 0.136290
0 0.704839 0.268548 0.046774 0.038710
0 0.607258 0.281452 0.140323 0.108065
0 0.527823 0.351613 0.083065 0.064516
0 0.791532 0.720968 0.058871 0.059677
0 0.828629 0.824194 0.062097 0.033871
0 0.397581 0.520968 0.059677 0.093548
0 0.493952 0.500000 0.041129 0.041935
0 0.356048 0.377419 0.058871 0.022581
0 0.353629 0.416129 0.029839 0.037097
0 0.342339 0.480242 0.034677 0.036290
0 0.218548 0.540323 0.054839 0.037097
0 0.922581 0.668145 0.056452 0.039516
