0 0.078629 0.698790 0.157258 0.226613
0 0.250000 0.936290 0.154839 0.127419
0 0.607661 0.152419 0.097581 0.070968
0 0.723387 0.235887 0.093548 0.145968
0 0.728629 0.552016 0.063710 0.086290
0 0.685484 0.706048 0.030645 0.028226
0 0.626210 0.748387 0.049194 0.048387
0 0.545565 0.722177 0.052419 0.087903
0 0.696371 0.823790 0.094355 0.087903
0 0.481048 0.929435 0.155645 0.102419
0 0.981855 0.335081 0.036290 0.076613
0 0.978629 0.631855 0.042742 0.055645
0 0.335081 0.482258 0.092742 0.145161
0 0.585081 0.295161 0.197581 0.172581
