0 0.012097 0.748387 0.024194 0.032258
0 0.016532 0.712903 0.033065 0.043548
0 0.099194 0.664113 0.074194 0.062097
0 0.019758 0.361290 0.039516 0.056452
0 0.055242 0.438306 0.084677 0.139516
0 0.013306 0.479032 0.026613 0.050000
0 0.405645 0.479839 0.048387 0.041935
0 0.409677 0.565726 0.041935 0.062097
0 0.383468 0.336694 0.042742 0.047581
0 0.003629 0.164113 0.007258 0.049194
0 0.261694 0.148387 0.041129 0.041935
0 0.270565 0.104435 0.029839 0.036290
0 0.332661 0.140726 0.042742 0.054032
0 0.351210 0.260484 0.034677 0.041935
0 0.416129 0.261290 0.069355 0.074194
0 0.347984 0.050000 0.021774 0.025806
0 0.432661 0.103629 0.033065 0.033065
0 0.635887 0.688306 0.105645 0.121774
0 0.503629 0.485081 0.036290 0.071774
0 0.710081 0.568145 0.050806 0.047581
0 0.504839 0.271371 0.077419 0.054032
0 0.575403 0.229839 0.060484 0.083871
0 0.743548 0.279435 0.035484 0.062097
