0 0.333871 0.975403 0.062903 0.049194
0 0.084274 0.769758 0.125000 0.104032
0 0.054839 0.874597 0.058065 0.047581
0 0.339919 0.679032 0.037903 0.045161
0 0.188710 0.642339 0.048387 0.052419
0 0.004839 0.241129 0.009677 0.011290
0 0.081048 0.206048 0.160484 0.084677
0 0.212097 0.425000 0.424194 0.320968
0 0.368145 0.240323 0.097581 0.112903
0 0.472581 0.177419 0.051613 0.059677
0 0.806048 0.593952 0.078226 0.108871
0 0.569355 0.399194 0.030645 0.035484
0 0.977419 0.235887 0.041935 0.042742
0 0.838306 0.239516 0.049194 0.058065
0 0.884677 0.103629 0.040323 0.034677
0 0.845161 0.160484 0.100000 0.067742
0 0.656048 0.006048 0.033065 0.012097
0 0.310081 0.119758 0.037903 0.034677
0 0.340323 0.120161 0.016129 0.017742
