0 0.485887 0.447581 0.058871 0.062903
0 0.115323 0.624194 0.051613 0.045161
0 0.207661 0.568952 0.039516 0.029839
0 0.170968 0.538306 0.032258 0.044355
0 0.247984 0.636290 0.029839 0.030645
0 0.353226 0.639113 0.029032 0.023387
0 0.391935 0.675403 0.045161 0.041129
0 0.624597 0.514919 0.020161 0.023387
0 0.404032 0.365323 0.035484 0.027419
0 0.288306 0.375806 0.020161 0.025806
0 0.321371 0.281452 0.047581 0.050000
0 0.509274 0.283065 0.041129 0.051613
0 0.477823 0.185887 0.073387 0.081452
0 0.579435 0.224597 0.084677 0.073387
0 0.662500 0.316129 0.034677 0.043548
0 0.745968 0.397581 0.101613 0.095161
0 0.756048 0.505242 0.044355 0.075000
0 0.944758 0.635484 0.033065 0.056452
0 0.997581 0.760484 0.004839 0.014516
0 0.970968 0.718145 0.058065 0.058871
0 0.123790 0.721774 0.044355 0.050000
0 0.597581 0.732258 0.038710 0.040323
0 0.482258 0.671774 0.030645 0.027419
0 0.346774 0.556452 0.024194 0.029032
0 0.604839 0.120968 0.067742 0.059677
0 0.657258 0.166935 0.022581 0.025806
0 0.706452 0.192339 0.045161 0.031452
0 0.891532 0.134677 0.084677 0.046774
0 0.295968 0.101210 0.080645 0.070161
0 0.108871 0.116532 0.066129 0.039516
0 0.162903 0.871774 0.069355 0.072581
0 0.989516 0.831048 0.020968 0.052419
