0 0.090323 0.480645 0.180645 0.166129
0 0.612903 0.831855 0.108065 0.134677
0 0.492339 0.684274 0.179839 0.226613
0 0.345968 0.904435 0.212903 0.191129
0 0.416129 0.790726 0.080645 0.086290
0 0.785081 0.765323 0.052419 0.061290
0 0.854032 0.723790 0.069355 0.060484
0 0.978226 0.860081 0.043548 0.081452
0 0.988710 0.949194 0.022581 0.050000
0 0.863306 0.858468 0.108871 0.091129
0 0.762500 0.402419 0.137903 0.137097
0 0.939516 0.424194 0.104839 0.072581
0 0.922177 0.057661 0.149194 0.076613
0 0.128226 0.273790 0.109677 0.097581
0 0.197581 0.647177 0.053226 0.052419
