0 0.209274 0.459677 0.145968 0.251613
0 0.410484 0.550403 0.070968 0.049194
0 0.416935 0.631452 0.172581 0.085484
0 0.612500 0.509274 0.033065 0.041129
0 0.525806 0.497177 0.059677 0.047581
0 0.572177 0.434677 0.086290 0.079032
0 0.654032 0.480645 0.064516 0.098387
0 0.844355 0.480645 0.272581 0.166129
0 0.638710 0.710484 0.138710 0.114516
0 0.724597 0.075403 0.039516 0.039516
0 0.767742 0.027016 0.051613 0.054032
0 0.928226 0.273790 0.109677 0.097581
0 0.500806 0.241129 0.019355 0.016129
0 0.511290 0.198387 0.053226 0.045161
0 0.553226 0.322177 0.062903 0.045968
0 0.985484 0.648387 0.029032 0.050000
0 0.032258 0.113710 0.064516 0.077419
