0 0.053629 0.553226 0.107258 0.135484
0 0.198387 0.454839 0.054839 0.056452
0 0.114919 0.436694 0.115323 0.113710
0 0.235887 0.583065 0.028226 0.035484
0 0.180645 0.570565 0.067742 0.116935
0 0.184677 0.333065 0.051613 0.069355
0 0.301210 0.266935 0.034677 0.033871
0 0.970968 0.230242 0.058065 0.084677
0 0.599597 0.276210 0.071774 0.079839
0 0.691935 0.370565 0.072581 0.084677
0 0.710484 0.628226 0.053226 0.051613
0 0.184274 0.025806 0.128226 0.051613
0 0.239919 0.094758 0.178226 0.092742
0 0.437097 0.030645 0.067742 0.061290
