0 0.823790 0.980645 0.066935 0.038710
0 0.925403 0.955242 0.066935 0.070161
0 0.332258 0.761290 0.125806 0.103226
0 0.206452 0.951210 0.058065 0.037903
0 0.340323 0.866935 0.051613 0.048387
0 0.113306 0.705242 0.062097 0.057258
0 0.068952 0.693952 0.026613 0.026613
0 0.090323 0.747177 0.038710 0.039516
0 0.291129 0.950000 0.133871 0.100000
0 0.204839 0.991129 0.029032 0.017742
0 0.250403 0.869758 0.070161 0.049194
0 0.160484 0.899194 0.053226 0.074194
0 0.149597 0.916935 0.055645 0.053226
0 0.181452 0.842742 0.022581 0.022581
0 0.169758 0.978629 0.042742 0.042742
0 0.211694 0.935081 0.073387 0.079839
0 0.790323 0.076613 0.040323 0.025806
0 0.734274 0.134677 0.100806 0.127419
0 0.828226 0.191935 0.043548 0.053226
0 0.784677 0.270161 0.045161 0.075806
0 0.558871 0.123387 0.069355 0.066129
0 0.635887 0.199597 0.025000 0.049194
0 0.701613 0.021371 0.041935 0.042742
0 0.416935 0.079435 0.053226 0.054032
0 0.439919 0.015323 0.076613 0.030645
0 0.381048 0.006048 0.033065 0.012097
0 0.381452 0.045565 0.030645 0.041129
0 0.439516 0.015323 0.075806 0.030645
0 0.417339 0.070968 0.052419 0.066129
0 0.612500 0.084677 0.036290 0.030645
0 0.484274 0.162097 0.037903 0.027419
0 0.387500 0.269355 0.049194 0.077419
0 0.284274 0.193145 0.060484 0.031452
0 0.222984 0.204839 0.018548 0.024194
0 0.225806 0.306452 0.017742 0.019355
0 0.233065 0.357661 0.017742 0.020161
0 0.226210 0.312097 0.018548 0.030645
0 0.083468 0.614113 0.037903 0.037903
0 0.101613 0.645161 0.037097 0.046774
0 0.260484 0.478226 0.062903 0.043548
0 0.185081 0.488306 0.033065 0.036290
0 0.215323 0.588306 0.027419 0.025000
0 0.220968 0.543952 0.037097 0.021774
0 0.256452 0.542339 0.020968 0.025000
0 0.285081 0.584677 0.020161 0.019355
0 0.248387 0.635887 0.029032 0.025000
0 0.108468 0.588306 0.044355 0.041129
0 0.097581 0.541935 0.022581 0.024194
0 0.124194 0.560484 0.020968 0.020968
0 0.139516 0.506048 0.025806 0.028226
0 0.091935 0.504839 0.058065 0.043548
0 0.068548 0.505645 0.037097 0.040323
0 0.043548 0.543145 0.017742 0.028226
0 0.030242 0.503629 0.025000 0.029839
0 0.048790 0.466935 0.033065 0.025806
0 0.085484 0.466532 0.038710 0.029839
0 0.078226 0.994355 0.027419 0.011290
0 0.072177 0.990726 0.036290 0.018548
