0 0.202823 0.116129 0.041129 0.058065
0 0.013710 0.565726 0.027419 0.125000
0 0.015726 0.731855 0.031452 0.073387
0 0.433468 0.233065 0.099194 0.088710
0 0.411694 0.074194 0.118548 0.050000
0 0.569355 0.222177 0.103226 0.087903
0 0.649194 0.212097 0.035484 0.037097
0 0.743145 0.155242 0.095968 0.078226
0 0.743145 0.241532 0.113710 0.060484
0 0.370565 0.435081 0.044355 0.041129
0 0.403226 0.370161 0.122581 0.127419
0 0.601613 0.360081 0.106452 0.062097
0 0.416734 0.989113 0.078629 0.021774
0 0.367339 0.546774 0.044355 0.046774
0 0.450806 0.600806 0.117742 0.104839
0 0.208871 0.737500 0.037097 0.036290
0 0.179839 0.777419 0.083871 0.062903
0 0.300806 0.680645 0.050000 0.062903
0 0.116532 0.297581 0.073387 0.050000
