0 0.059677 0.171774 0.119355 0.203226
0 0.383065 0.402419 0.179032 0.137097
0 0.114113 0.401210 0.187903 0.195968
0 0.437097 0.302823 0.124194 0.125000
0 0.311290 0.597177 0.153226 0.200806
0 0.431048 0.649597 0.089516 0.091129
0 0.393548 0.562500 0.070968 0.063710
0 0.469355 0.722581 0.050000 0.053226
0 0.861290 0.194355 0.088710 0.087097
0 0.592742 0.081048 0.172581 0.162097
0 0.279435 0.026613 0.073387 0.053226
0 0.270968 0.089113 0.072581 0.071774
0 0.818548 0.265323 0.117742 0.103226
0 0.392742 0.787903 0.064516 0.072581
0 0.447581 0.807258 0.058065 0.106452
0 0.401210 0.694758 0.068548 0.065323
0 0.329435 0.745161 0.055645 0.067742
0 0.339113 0.840323 0.058871 0.046774
0 0.825000 0.036694 0.272581 0.073387
