0 0.548790 0.121774 0.147581 0.159677
0 0.475000 0.285484 0.041935 0.045161
0 0.418548 0.257258 0.083871 0.096774
0 0.303226 0.368145 0.091935 0.066935
0 0.332661 0.498790 0.041129 0.025000
0 0.374194 0.481855 0.035484 0.025000
0 0.387903 0.518952 0.041935 0.045968
0 0.311694 0.554435 0.110484 0.100806
0 0.323790 0.671371 0.175000 0.126613
0 0.421371 0.907258 0.141129 0.109677
0 0.669355 0.715726 0.133871 0.116935
0 0.811694 0.506855 0.095968 0.087903
0 0.851613 0.822581 0.077419 0.075806
0 0.706855 0.864113 0.066935 0.055645
