0 0.392339 0.878226 0.078226 0.080645
0 0.250806 0.852823 0.091935 0.062097
0 0.386290 0.797177 0.087097 0.063710
0 0.177419 0.696774 0.059677 0.043548
0 0.375000 0.668952 0.037097 0.023387
0 0.439919 0.696774 0.044355 0.046774
0 0.504839 0.649597 0.043548 0.068548
0 0.555645 0.628629 0.029032 0.020161
0 0.652419 0.696371 0.037097 0.045968
0 0.649194 0.632258 0.029032 0.040323
0 0.679032 0.622177 0.025806 0.023387
0 0.899597 0.565323 0.010484 0.024194
0 0.866935 0.585081 0.040323 0.060484
0 0.932661 0.639919 0.029839 0.031452
0 0.014113 0.490323 0.026613 0.061290
0 0.089113 0.452419 0.097581 0.077419
0 0.685081 0.341935 0.070161 0.072581
0 0.246371 0.325000 0.071774 0.041935
0 0.078629 0.279839 0.058871 0.035484
0 0.190726 0.214516 0.045968 0.075806
0 0.294758 0.165323 0.052419 0.041935
0 0.475403 0.144758 0.039516 0.073387
0 0.672984 0.124597 0.047581 0.076613
0 0.880645 0.025806 0.093548 0.051613
0 0.789113 0.031452 0.070161 0.062903
0 0.992742 0.475000 0.014516 0.022581
0 0.483468 0.966532 0.055645 0.044355
