0 0.112903 0.823790 0.096774 0.125000
0 0.315323 0.658468 0.187097 0.145968
0 0.577419 0.820968 0.035484 0.059677
0 0.691129 0.811290 0.085484 0.059677
0 0.988710 0.698387 0.022581 0.035484
0 0.921774 0.731855 0.103226 0.120161
0 0.628226 0.009677 0.070968 0.019355
0 0.527823 0.035484 0.083065 0.064516
0 0.791532 0.404839 0.058871 0.059677
0 0.828629 0.508065 0.062097 0.033871
0 0.397581 0.204839 0.059677 0.093548
0 0.493952 0.183871 0.041129 0.041935
0 0.356048 0.061290 0.058871 0.022581
0 0.353629 0.100000 0.029839 0.037097
0 0.342339 0.164113 0.034677 0.036290
0 0.218548 0.224194 0.054839 0.037097
0 0.922581 0.352016 0.056452 0.039516
