0 0.087500 0.885887 0.016935 0.015323
0 0.062500 0.905242 0.058871 0.039516
0 0.193145 0.921774 0.018548 0.014516
0 0.171774 0.940323 0.032258 0.033871
0 0.150000 0.889113 0.058065 0.063710
0 0.175806 0.846371 0.022581 0.020161
0 0.255242 0.937903 0.041129 0.029032
0 0.318548 0.978226 0.051613 0.043548
0 0.313710 0.858065 0.043548 0.051613
0 0.152016 0.787903 0.062097 0.075806
0 0.518145 0.722177 0.107258 0.094355
0 0.343548 0.672984 0.074194 0.052419
0 0.038710 0.645565 0.056452 0.036290
0 0.133468 0.680242 0.087903 0.094355
0 0.062500 0.597581 0.068548 0.038710
0 0.253226 0.450806 0.040323 0.037097
0 0.294758 0.472581 0.045968 0.053226
0 0.037097 0.399194 0.074194 0.045161
0 0.148790 0.362500 0.055645 0.023387
0 0.092742 0.306048 0.070968 0.087903
0 0.214516 0.340726 0.019355 0.012097
0 0.286290 0.343145 0.056452 0.070161
0 0.129839 0.212903 0.038710 0.046774
0 0.411694 0.283468 0.037903 0.047581
0 0.425000 0.241532 0.045161 0.026613
0 0.516129 0.188306 0.041935 0.018548
0 0.539113 0.253629 0.033065 0.039516
0 0.544355 0.290323 0.053226 0.027419
