0 0.958065 0.366935 0.083871 0.261290
0 0.748387 0.177823 0.032258 0.026613
0 0.788710 0.275806 0.025806 0.027419
0 0.718145 0.202419 0.034677 0.033871
0 0.825000 0.218952 0.096774 0.062097
0 0.556452 0.650000 0.254839 0.211290
0 0.753629 0.016129 0.063710 0.032258
0 0.123790 0.048387 0.233065 0.096774
0 0.094758 0.165323 0.166935 0.162903
0 0.533065 0.289516 0.046774 0.038710
0 0.471371 0.224597 0.181452 0.089516
0 0.032258 0.380242 0.054839 0.055645
0 0.217742 0.391532 0.130645 0.129839
0 0.997177 0.906048 0.005645 0.025000
0 0.941935 0.857258 0.116129 0.058065
0 0.748387 0.620565 0.143548 0.100806
