0 0.070968 0.584274 0.141935 0.136290
0 0.273387 0.854435 0.058065 0.066935
0 0.343548 0.800000 0.119355 0.111290
0 0.473387 0.835887 0.011290 0.018548
0 0.427823 0.843952 0.065323 0.052419
0 0.433871 0.585887 0.046774 0.034677
0 0.066532 0.181855 0.049194 0.078226
0 0.357661 0.296371 0.100806 0.055645
0 0.352823 0.226613 0.055645 0.069355
0 0.353226 0.130645 0.093548 0.085484
0 0.548387 0.887500 0.085484 0.129839
0 0.829032 0.850403 0.066129 0.055645
0 0.677419 0.461694 0.038710 0.055645
0 0.984274 0.520161 0.031452 0.029032
0 0.555242 0.379435 0.068548 0.058871
0 0.823790 0.243952 0.058871 0.092742
0 0.622581 0.212097 0.029032 0.027419
0 0.639919 0.247581 0.047581 0.035484
0 0.445161 0.027823 0.077419 0.055645
0 0.963710 0.010081 0.050000 0.020161
0 0.753629 0.114113 0.158871 0.097581
0 0.497581 0.227016 0.009677 0.010484
0 0.517339 0.195565 0.036290 0.050806
0 0.913306 0.162097 0.097581 0.075806
