0 0.115726 0.725806 0.231452 0.296774
0 0.296774 0.610484 0.141935 0.159677
0 0.259274 0.308468 0.076613 0.107258
0 0.295161 0.098790 0.070968 0.052419
0 0.550000 0.366935 0.372581 0.230645
0 0.903629 0.412500 0.036290 0.041129
0 0.962500 0.387097 0.075000 0.122581
0 0.295161 0.100403 0.070968 0.055645
0 0.503226 0.064516 0.035484 0.041935
0 0.434274 0.045565 0.087903 0.073387
0 0.840726 0.171371 0.110484 0.081452
0 0.915323 0.129435 0.051613 0.037903
0 0.027016 0.384274 0.039516 0.042742
0 0.093145 0.364516 0.060484 0.058065
0 0.016532 0.320161 0.033065 0.095161
