0 0.050403 0.421774 0.100806 0.135484
0 0.131855 0.590323 0.113710 0.106452
0 0.304032 0.425000 0.058065 0.074194
0 0.494355 0.452823 0.116129 0.152419
0 0.545968 0.712903 0.133871 0.129032
0 0.428629 0.526210 0.113710 0.045968
0 0.002823 0.139919 0.005645 0.042742
0 0.157661 0.166532 0.244355 0.168548
0 0.456048 0.178226 0.075000 0.103226
0 0.709677 0.118145 0.111290 0.104032
0 0.097581 0.008871 0.053226 0.017742
0 0.666935 0.345968 0.037097 0.067742
0 0.718952 0.467742 0.045968 0.072581
0 0.892742 0.437097 0.037097 0.059677
0 0.805645 0.425806 0.074194 0.080645
0 0.895565 0.356048 0.099194 0.097581
0 0.908871 0.151613 0.061290 0.061290
0 0.923790 0.232661 0.086290 0.070161
