0 0.029435 0.702419 0.058871 0.101613
0 0.085484 0.776210 0.050000 0.049194
0 0.058871 0.827419 0.056452 0.067742
0 0.066935 0.897177 0.050000 0.060484
0 0.013306 0.514113 0.026613 0.039516
0 0.161290 0.583871 0.050000 0.043548
0 0.106048 0.606855 0.057258 0.068548
0 0.451210 0.460484 0.149194 0.125806
0 0.509677 0.538306 0.062903 0.063710
0 0.579435 0.440323 0.058871 0.061290
0 0.431855 0.141532 0.068548 0.066935
0 0.496774 0.291129 0.082258 0.085484
0 0.410484 0.253226 0.229032 0.187097
0 0.144758 0.118548 0.033065 0.045161
0 0.064919 0.141532 0.095968 0.066935
0 0.113710 0.067742 0.091935 0.080645
0 0.919355 0.939919 0.161290 0.095968
0 0.666129 0.705242 0.075806 0.058871
0 0.741935 0.784274 0.148387 0.134677
