0 0.189516 0.995565 0.035484 0.008871
0 0.375000 0.985081 0.037097 0.023387
0 0.436694 0.994758 0.037903 0.010484
0 0.504839 0.965726 0.043548 0.068548
0 0.555645 0.944758 0.029032 0.020161
0 0.647984 0.994758 0.026613 0.010484
0 0.649194 0.948387 0.029032 0.040323
0 0.679032 0.938306 0.025806 0.023387
0 0.899597 0.881452 0.010484 0.024194
0 0.866935 0.901210 0.040323 0.060484
0 0.932661 0.956048 0.029839 0.031452
0 0.014113 0.806452 0.026613 0.061290
0 0.089113 0.768548 0.097581 0.077419
0 0.685081 0.658065 0.070161 0.072581
0 0.246371 0.641129 0.071774 0.041935
0 0.078629 0.595968 0.058871 0.035484
0 0.190726 0.530645 0.045968 0.075806
0 0.294758 0.481452 0.052419 0.041935
0 0.475403 0.460887 0.039516 0.073387
0 0.672984 0.440726 0.047581 0.076613
0 0.740323 0.277823 0.085484 0.092742
0 0.873790 0.281452 0.107258 0.172581
0 0.789113 0.341129 0.070161 0.075806
0 0.972177 0.169355 0.055645 0.064516
0 0.416129 0.084677 0.056452 0.066129
0 0.992742 0.791129 0.014516 0.022581
