0 0.116935 0.425000 0.058065 0.074194
0 0.307258 0.452823 0.116129 0.152419
0 0.358871 0.712903 0.133871 0.129032
0 0.241532 0.526210 0.113710 0.045968
0 0.046371 0.179032 0.092742 0.091935
0 0.268952 0.178226 0.075000 0.103226
0 0.522581 0.118145 0.111290 0.104032
0 0.479839 0.345968 0.037097 0.067742
0 0.531855 0.467742 0.045968 0.072581
0 0.705645 0.437097 0.037097 0.059677
0 0.618548 0.425806 0.074194 0.080645
0 0.708468 0.356048 0.099194 0.097581
0 0.721774 0.151613 0.061290 0.061290
0 0.736694 0.232661 0.086290 0.070161
0 0.831452 0.395968 0.053226 0.056452
0 0.971371 0.059677 0.057258 0.082258
