0 0.017339 0.929435 0.031452 0.070161
0 0.060887 0.985887 0.028226 0.028226
0 0.118548 0.981048 0.033871 0.037903
0 0.159677 0.973387 0.058065 0.045161
0 0.286290 0.974597 0.074194 0.050806
0 0.178226 0.678226 0.096774 0.058065
0 0.242339 0.754435 0.084677 0.139516
0 0.194758 0.793952 0.037903 0.052419
0 0.116935 0.820968 0.067742 0.104839
0 0.039113 0.848387 0.063710 0.112903
0 0.592742 0.795968 0.048387 0.041935
0 0.596774 0.881855 0.041935 0.062097
0 0.087500 0.722177 0.042742 0.034677
0 0.570565 0.652823 0.042742 0.047581
0 0.069355 0.564113 0.029032 0.029839
0 0.168548 0.496774 0.051613 0.082258
0 0.016129 0.456452 0.032258 0.024194
0 0.091532 0.377016 0.070161 0.037903
0 0.094355 0.305645 0.062903 0.038710
0 0.448790 0.464516 0.041129 0.041935
0 0.457661 0.420565 0.029839 0.036290
0 0.519758 0.456855 0.042742 0.054032
0 0.538306 0.576613 0.034677 0.041935
0 0.603226 0.577419 0.069355 0.074194
0 0.413710 0.268548 0.061290 0.025806
0 0.535081 0.366129 0.021774 0.025806
0 0.619758 0.419758 0.033065 0.033065
0 0.827823 0.971774 0.084677 0.056452
0 0.690726 0.801210 0.036290 0.071774
0 0.897177 0.884274 0.050806 0.047581
0 0.691935 0.587500 0.077419 0.054032
0 0.762500 0.545968 0.060484 0.083871
0 0.930645 0.595565 0.035484 0.062097
