0 0.086694 0.041532 0.115323 0.083065
0 0.088710 0.269355 0.048387 0.032258
0 0.172581 0.298790 0.082258 0.087903
0 0.108065 0.365323 0.066129 0.051613
0 0.187500 0.362500 0.039516 0.045968
0 0.174597 0.798387 0.047581 0.045161
0 0.533871 0.625000 0.067742 0.067742
0 0.283871 0.331452 0.106452 0.096774
0 0.357258 0.362903 0.056452 0.074194
0 0.400000 0.392339 0.029032 0.034677
0 0.560484 0.447581 0.041935 0.050000
0 0.566129 0.352823 0.083871 0.126613
0 0.457258 0.237903 0.090323 0.125806
0 0.553629 0.142339 0.026613 0.033065
0 0.518952 0.186290 0.079839 0.091935
