0 0.931048 0.109677 0.057258 0.059677
0 0.859677 0.168145 0.148387 0.126613
0 0.957661 0.380645 0.084677 0.200000
0 0.963710 0.761290 0.072581 0.156452
0 0.431855 0.150806 0.107258 0.072581
0 0.047177 0.581452 0.091129 0.130645
0 0.227419 0.633065 0.096774 0.096774
0 0.138306 0.777016 0.087903 0.112097
0 0.187500 0.928629 0.357258 0.142742
0 0.804032 0.976210 0.070968 0.047581
0 0.710887 0.274194 0.091129 0.080645
0 0.593952 0.076210 0.028226 0.026613
0 0.627823 0.051210 0.029839 0.047581
0 0.739113 0.072581 0.023387 0.033871
0 0.720565 0.043548 0.041129 0.041935
0 0.693952 0.652016 0.039516 0.037903
0 0.645161 0.580242 0.062903 0.091129
0 0.745968 0.734677 0.117742 0.119355
0 0.736290 0.561694 0.138710 0.129839
0 0.916532 0.613710 0.089516 0.079032
0 0.502419 0.599597 0.014516 0.025000
0 0.518952 0.577419 0.028226 0.020968
0 0.462500 0.601210 0.029839 0.021774
0 0.472984 0.566129 0.039516 0.038710
