0 0.246774 0.171774 0.119355 0.203226
0 0.101613 0.677016 0.183871 0.241129
0 0.570161 0.402419 0.179032 0.137097
0 0.301210 0.401210 0.187903 0.195968
0 0.624194 0.302823 0.124194 0.125000
0 0.498387 0.597177 0.153226 0.200806
0 0.618145 0.649597 0.089516 0.091129
0 0.580645 0.562500 0.070968 0.063710
0 0.656452 0.722581 0.050000 0.053226
0 0.779839 0.081048 0.172581 0.162097
0 0.466532 0.026613 0.073387 0.053226
0 0.458065 0.089113 0.072581 0.071774
0 0.973387 0.263710 0.053226 0.100000
0 0.579839 0.787903 0.064516 0.072581
0 0.634677 0.807258 0.058065 0.106452
0 0.588306 0.694758 0.068548 0.065323
0 0.516532 0.745161 0.055645 0.067742
0 0.526210 0.840323 0.058871 0.046774
0 0.937903 0.028226 0.124194 0.056452
