0 0.183871 0.433468 0.100000 0.095968
0 0.177016 0.294758 0.102419 0.112097
0 0.447581 0.216532 0.069355 0.145968
0 0.460484 0.585484 0.035484 0.024194
0 0.422984 0.606452 0.063710 0.035484
0 0.450806 0.673790 0.040323 0.071774
0 0.761290 0.777016 0.020968 0.020161
0 0.790726 0.807258 0.029839 0.030645
0 0.785081 0.729032 0.073387 0.119355
0 0.335484 0.840726 0.069355 0.066935
0 0.243145 0.622984 0.049194 0.079839
0 0.081048 0.545565 0.058871 0.076613
0 0.641935 0.537097 0.024194 0.024194
0 0.653226 0.593145 0.103226 0.095968
0 0.770565 0.962500 0.062097 0.075000
