0 0.088306 0.508468 0.047581 0.052419
0 0.124597 0.476210 0.049194 0.062097
0 0.027419 0.233065 0.054839 0.022581
0 0.170968 0.130242 0.051613 0.071774
0 0.081855 0.101613 0.047581 0.035484
0 0.323387 0.810887 0.050000 0.060484
0 0.593145 0.848387 0.075000 0.067742
0 0.497581 0.657258 0.070968 0.045161
0 0.437097 0.679839 0.037097 0.054839
0 0.353226 0.401210 0.048387 0.076613
0 0.322984 0.512097 0.049194 0.045161
0 0.469758 0.514516 0.045968 0.062903
0 0.247177 0.110887 0.049194 0.076613
0 0.272984 0.049597 0.045968 0.049194
0 0.485484 0.094758 0.037097 0.036290
0 0.397177 0.072984 0.031452 0.042742
0 0.701210 0.929435 0.034677 0.039516
0 0.668952 0.775000 0.057258 0.053226
0 0.662903 0.834274 0.043548 0.037903
0 0.708065 0.845968 0.045161 0.041935
0 0.604435 0.193952 0.097581 0.118548
0 0.790726 0.267339 0.062097 0.045968
0 0.539919 0.276613 0.065323 0.048387
0 0.681855 0.373790 0.060484 0.060484
0 0.635887 0.590726 0.045968 0.045968
0 0.654435 0.733468 0.025000 0.029839
0 0.905645 0.828226 0.040323 0.051613
0 0.962097 0.988710 0.045161 0.022581
0 0.958871 0.137097 0.077419 0.067742
0 0.978629 0.073387 0.042742 0.058065
