0 0.253226 0.796371 0.085484 0.065323
0 0.279032 0.834677 0.069355 0.059677
0 0.402419 0.878629 0.203226 0.242742
0 0.707661 0.891532 0.029839 0.028226
0 0.747984 0.897984 0.029839 0.028226
0 0.826613 0.945565 0.050000 0.028226
0 0.583065 0.620968 0.054839 0.098387
0 0.675403 0.612097 0.054032 0.033871
0 0.667742 0.682661 0.032258 0.028226
0 0.720565 0.397177 0.070161 0.065323
0 0.872581 0.222984 0.070968 0.050806
0 0.642742 0.228226 0.040323 0.079032
0 0.172177 0.193145 0.089516 0.045968
0 0.661290 0.116129 0.043548 0.080645
0 0.721774 0.170161 0.061290 0.059677
0 0.914919 0.443952 0.086290 0.068548
