0 0.324194 0.675403 0.116129 0.175000
0 0.588306 0.491129 0.095968 0.087097
0 0.850403 0.944355 0.145968 0.111290
0 0.083468 0.225000 0.026613 0.050000
0 0.068145 0.263710 0.034677 0.045161
0 0.181452 0.685887 0.045161 0.054032
0 0.762903 0.432661 0.100000 0.083065
0 0.156048 0.207258 0.075000 0.059677
0 0.329435 0.378226 0.068548 0.079032
0 0.571774 0.362097 0.054839 0.040323
0 0.637903 0.283065 0.085484 0.108065
0 0.020565 0.056452 0.041129 0.058065
0 0.241935 0.059274 0.050000 0.091129
0 0.526210 0.156855 0.049194 0.087903
0 0.680242 0.126210 0.089516 0.057258
0 0.750403 0.204839 0.087903 0.088710
