0 0.052823 0.120565 0.105645 0.191129
0 0.102016 0.426613 0.204032 0.083871
0 0.122984 0.570968 0.183065 0.161290
0 0.271371 0.500000 0.173387 0.140323
0 0.145161 0.817742 0.290323 0.364516
0 0.216129 0.672177 0.064516 0.091129
0 0.329839 0.851613 0.114516 0.211290
0 0.500000 0.757661 0.261290 0.278226
0 0.533065 0.548790 0.206452 0.129839
0 0.359677 0.651613 0.025806 0.019355
0 0.397581 0.616129 0.053226 0.070968
0 0.345968 0.600000 0.035484 0.033871
0 0.712500 0.976210 0.084677 0.047581
0 0.853629 0.593145 0.037903 0.034677
0 0.847984 0.655242 0.054032 0.047581
0 0.704032 0.234274 0.090323 0.054032
0 0.047177 0.328629 0.036290 0.045968
0 0.283468 0.300806 0.039516 0.033871
0 0.220565 0.284677 0.083065 0.061290
