0 0.216532 0.757258 0.068548 0.066129
0 0.356452 0.813710 0.095161 0.135484
0 0.368145 0.705242 0.018548 0.008871
0 0.401210 0.769355 0.013710 0.022581
0 0.400000 0.721371 0.030645 0.049194
0 0.475806 0.864113 0.111290 0.105645
0 0.567339 0.795968 0.044355 0.046774
0 0.606855 0.769758 0.071774 0.073387
0 0.612500 0.637500 0.073387 0.062097
0 0.439919 0.631048 0.065323 0.063710
0 0.770968 0.512903 0.127419 0.077419
0 0.696371 0.990726 0.026613 0.018548
0 0.921774 0.964113 0.059677 0.071774
0 0.658871 0.851210 0.035484 0.060484
0 0.984677 0.278226 0.030645 0.048387
0 0.221371 0.349597 0.047581 0.058871
0 0.244758 0.410484 0.104032 0.075806
0 0.301210 0.266129 0.042742 0.056452
0 0.336290 0.225806 0.072581 0.037097
0 0.405645 0.325806 0.058065 0.075806
0 0.224597 0.507661 0.031452 0.028226
0 0.224597 0.545565 0.031452 0.045968
0 0.323790 0.555242 0.149194 0.086290
0 0.316935 0.497177 0.045161 0.052419
0 0.660081 0.212903 0.039516 0.075806
0 0.431452 0.191532 0.035484 0.039516
0 0.450806 0.159274 0.024194 0.026613
0 0.064919 0.252016 0.025000 0.055645
0 0.097177 0.258468 0.034677 0.033065
0 0.168145 0.168145 0.034677 0.044355
0 0.203226 0.204032 0.024194 0.029032
0 0.013710 0.210081 0.027419 0.034677
