0 0.014516 0.716129 0.029032 0.088710
0 0.111694 0.844758 0.107258 0.115323
0 0.279435 0.741935 0.083065 0.103226
0 0.356452 0.588306 0.120968 0.084677
0 0.342339 0.917742 0.099194 0.111290
0 0.504435 0.499194 0.144355 0.061290
0 0.500000 0.348790 0.077419 0.050806
0 0.220161 0.320565 0.033871 0.039516
0 0.232661 0.276210 0.071774 0.041129
0 0.134677 0.186694 0.091935 0.070161
0 0.087097 0.037097 0.058065 0.062903
0 0.391935 0.082661 0.053226 0.068548
0 0.523387 0.068145 0.041935 0.052419
0 0.217339 0.058065 0.018548 0.024194
0 0.188306 0.027419 0.028226 0.022581
