0 0.097177 0.329839 0.105645 0.132258
0 0.157258 0.438710 0.154839 0.104839
0 0.234274 0.594758 0.202419 0.183065
0 0.448387 0.228226 0.035484 0.046774
0 0.494758 0.349194 0.055645 0.045161
0 0.506048 0.254839 0.076613 0.090323
0 0.931855 0.032258 0.029839 0.025806
0 0.774597 0.676613 0.021774 0.025806
0 0.845968 0.701613 0.038710 0.038710
0 0.790323 0.768548 0.116129 0.095161
0 0.819758 0.316532 0.065323 0.063710
0 0.817742 0.409274 0.090323 0.070161
0 0.989919 0.388306 0.020161 0.075000
0 0.986290 0.473790 0.027419 0.066935
