0 0.397581 0.630242 0.127419 0.137903
0 0.897581 0.119355 0.082258 0.077419
0 0.477823 0.050000 0.078226 0.100000
0 0.805645 0.625806 0.043548 0.024194
0 0.899194 0.616532 0.135484 0.157258
0 0.160887 0.777016 0.049194 0.063710
0 0.112500 0.606855 0.023387 0.015323
0 0.112500 0.633065 0.023387 0.033871
0 0.152419 0.615323 0.054839 0.048387
0 0.179435 0.517742 0.057258 0.108065
0 0.154032 0.363710 0.072581 0.038710
0 0.542339 0.503226 0.104032 0.045161
0 0.604435 0.293952 0.031452 0.034677
0 0.647984 0.422984 0.105645 0.120161
0 0.347984 0.494355 0.112097 0.093548
0 0.813306 0.822177 0.058871 0.065323
0 0.481452 0.686694 0.075806 0.081452
0 0.564516 0.578226 0.025806 0.022581
0 0.567742 0.619758 0.061290 0.060484
0 0.736694 0.959677 0.116935 0.080645
0 0.962097 0.753629 0.011290 0.012097
0 0.978226 0.738306 0.012903 0.012097
0 0.944355 0.728226 0.032258 0.033871
0 0.989919 0.783468 0.020161 0.042742
0 0.728629 0.025403 0.031452 0.050806
0 0.139516 0.402823 0.012903 0.008871
0 0.120161 0.435887 0.051613 0.058871
0 0.070565 0.286694 0.070161 0.036290
0 0.860887 0.310887 0.023387 0.028226
0 0.831855 0.285081 0.042742 0.037903
