0 0.988306 0.539113 0.023387 0.047581
0 0.981048 0.472177 0.037903 0.070161
0 0.502016 0.364113 0.039516 0.044355
0 0.391532 0.370161 0.075000 0.037097
0 0.449194 0.335484 0.077419 0.056452
0 0.670161 0.005645 0.017742 0.009677
0 0.656855 0.025806 0.034677 0.022581
0 0.487500 0.454435 0.028226 0.031452
0 0.530242 0.477823 0.052419 0.062097
0 0.452823 0.527419 0.089516 0.098387
0 0.692742 0.081452 0.054839 0.051613
0 0.776210 0.006048 0.023387 0.012097
0 0.781048 0.033468 0.029839 0.021774
0 0.804839 0.681048 0.082258 0.100806
0 0.990726 0.008468 0.018548 0.016935
0 0.973790 0.047984 0.052419 0.079839
