0 0.046774 0.370161 0.093548 0.267742
0 0.512903 0.800806 0.211290 0.293548
0 0.441532 0.493548 0.105645 0.122581
0 0.551613 0.375000 0.225806 0.216129
0 0.205242 0.121371 0.068548 0.039516
0 0.351613 0.182661 0.051613 0.041129
0 0.294355 0.127419 0.127419 0.190323
0 0.027016 0.903629 0.039516 0.029839
0 0.017742 0.862903 0.035484 0.037097
0 0.368548 0.014919 0.090323 0.029839
0 0.554435 0.017339 0.137903 0.034677
0 0.576210 0.147177 0.037903 0.042742
0 0.483468 0.202419 0.112097 0.101613
0 0.636290 0.063306 0.114516 0.100806
0 0.635887 0.666935 0.029839 0.030645
0 0.576210 0.649194 0.050806 0.050000
0 0.781048 0.758468 0.155645 0.141129
0 0.676613 0.281452 0.033871 0.041935
0 0.568952 0.277016 0.039516 0.044355
0 0.608871 0.265726 0.043548 0.068548
