0 0.068548 0.443952 0.137097 0.137903
0 0.159677 0.552016 0.054839 0.049194
0 0.086694 0.540726 0.099194 0.071774
0 0.152016 0.685484 0.107258 0.125806
0 0.442339 0.851210 0.091129 0.086290
0 0.410081 0.672581 0.373387 0.332258
0 0.438710 0.427016 0.127419 0.115323
0 0.205645 0.462500 0.079032 0.076613
0 0.779435 0.329839 0.120161 0.120968
0 0.025000 0.962097 0.050000 0.075806
0 0.617339 0.308871 0.016935 0.020968
0 0.647984 0.294758 0.029839 0.037903
0 0.566532 0.331855 0.028226 0.034677
0 0.618548 0.390323 0.033871 0.038710
0 0.654435 0.428226 0.037903 0.022581
0 0.684274 0.311694 0.021774 0.023387
