0 0.033468 0.681048 0.066935 0.166935
0 0.025806 0.935081 0.051613 0.129839
0 0.529435 0.952016 0.079839 0.095968
0 0.775403 0.807258 0.095968 0.087097
0 0.044758 0.215323 0.089516 0.085484
0 0.072581 0.370161 0.145161 0.138710
0 0.152823 0.646371 0.062097 0.066935
0 0.270565 0.541129 0.026613 0.050000
0 0.255242 0.579839 0.034677 0.045161
0 0.370161 0.987500 0.041935 0.025000
0 0.950000 0.748790 0.100000 0.083065
0 0.343145 0.523387 0.075000 0.059677
0 0.516532 0.694355 0.068548 0.079032
0 0.758871 0.678226 0.054839 0.040323
0 0.825000 0.599194 0.085484 0.108065
0 0.187500 0.370161 0.081452 0.064516
0 0.429032 0.375403 0.050000 0.091129
0 0.713306 0.472984 0.049194 0.087903
0 0.867339 0.442339 0.089516 0.057258
0 0.937500 0.520968 0.087903 0.088710
0 0.642339 0.049597 0.063710 0.095968
0 0.325806 0.019758 0.032258 0.039516
0 0.004839 0.027016 0.009677 0.054032
