0 0.368548 0.966532 0.096774 0.066935
0 0.604032 0.777823 0.035484 0.018548
0 0.596774 0.833871 0.037097 0.085484
0 0.516532 0.838710 0.066935 0.085484
0 0.675403 0.873387 0.039516 0.054839
0 0.626210 0.895161 0.052419 0.046774
0 0.824194 0.874194 0.166129 0.161290
0 0.593548 0.647984 0.062903 0.079839
0 0.663710 0.599597 0.085484 0.094355
0 0.985484 0.770968 0.029032 0.056452
0 0.914919 0.752823 0.115323 0.113710
0 0.973387 0.886694 0.053226 0.116935
0 0.979435 0.649194 0.041129 0.069355
0 0.420968 0.070968 0.051613 0.074194
0 0.509274 0.093548 0.099194 0.093548
0 0.239919 0.934274 0.154032 0.131452
0 0.960081 0.298790 0.079839 0.137903
0 0.975403 0.424194 0.049194 0.066129
0 0.973790 0.040323 0.042742 0.029032
0 0.993952 0.072984 0.012097 0.036290
