0 0.097581 0.435484 0.082258 0.077419
0 0.370968 0.433468 0.100000 0.095968
0 0.364113 0.294758 0.102419 0.112097
0 0.634677 0.216532 0.069355 0.145968
0 0.013710 0.941935 0.027419 0.024194
0 0.099194 0.927016 0.135484 0.145968
0 0.647581 0.585484 0.035484 0.024194
0 0.610081 0.606452 0.063710 0.035484
0 0.637903 0.673790 0.040323 0.071774
0 0.948387 0.777016 0.020968 0.020161
0 0.977823 0.807258 0.029839 0.030645
0 0.967742 0.728629 0.064516 0.118548
0 0.522581 0.840726 0.069355 0.066935
0 0.430242 0.622984 0.049194 0.079839
0 0.268145 0.545565 0.058871 0.076613
0 0.829032 0.537097 0.024194 0.024194
0 0.840323 0.593145 0.103226 0.095968
0 0.957661 0.962500 0.062097 0.075000
0 0.060887 0.627016 0.023387 0.028226
0 0.031855 0.601210 0.042742 0.037903
