0 0.083065 0.688306 0.111290 0.139516
0 0.018548 0.618548 0.037097 0.074194
0 0.083468 0.848790 0.166935 0.189516
0 0.215323 0.766935 0.151613 0.166129
0 0.466935 0.787903 0.150000 0.170968
0 0.334274 0.446774 0.166935 0.114516
0 0.020565 0.347984 0.041129 0.094355
0 0.137500 0.571371 0.076613 0.079839
0 0.068548 0.454435 0.137097 0.126613
0 0.517339 0.243548 0.108871 0.079032
0 0.513710 0.447177 0.182258 0.154032
0 0.485081 0.552823 0.060484 0.076613
0 0.318548 0.619355 0.024194 0.012903
0 0.366532 0.581048 0.084677 0.047581
0 0.096371 0.252419 0.144355 0.138710
0 0.416532 0.159274 0.079839 0.078226
0 0.435484 0.642339 0.070968 0.078226
0 0.251613 0.672984 0.095161 0.057258
