0 0.213710 0.911694 0.100000 0.086290
0 0.284274 0.868548 0.031452 0.029032
0 0.633065 0.994758 0.020968 0.010484
0 0.693548 0.966935 0.022581 0.022581
0 0.693952 0.991129 0.042742 0.017742
0 0.693145 0.900000 0.031452 0.075806
0 0.637903 0.796774 0.020968 0.027419
0 0.613710 0.854032 0.024194 0.019355
0 0.428629 0.839516 0.033065 0.032258
0 0.301613 0.670161 0.035484 0.032258
0 0.280645 0.703629 0.037097 0.034677
0 0.395161 0.700403 0.025806 0.015323
0 0.608871 0.732258 0.024194 0.022581
0 0.461694 0.767742 0.036290 0.030645
0 0.009677 0.943145 0.019355 0.055645
0 0.059274 0.715323 0.054032 0.037097
0 0.316532 0.426210 0.054032 0.083065
0 0.017339 0.191532 0.034677 0.045968
0 0.175000 0.250403 0.050000 0.083065
0 0.079839 0.881855 0.024194 0.026613
0 0.173790 0.159274 0.037903 0.041129
0 0.541935 0.289516 0.087097 0.061290
0 0.710887 0.295565 0.055645 0.052419
0 0.775403 0.287500 0.060484 0.076613
0 0.395968 0.242742 0.056452 0.041935
0 0.466935 0.131452 0.050000 0.048387
0 0.299597 0.068145 0.037903 0.058871
0 0.397581 0.058468 0.032258 0.026613
0 0.589113 0.227419 0.029839 0.053226
0 0.253629 0.159274 0.033065 0.036290
0 0.327419 0.518952 0.027419 0.049194
0 0.869355 0.370968 0.041935 0.029032
0 0.878629 0.315323 0.068548 0.077419
