0 0.450806 0.599194 0.196774 0.185484
0 0.077016 0.810484 0.123387 0.133871
0 0.795161 0.437097 0.091935 0.103226
0 0.939919 0.397177 0.104032 0.149194
0 0.887097 0.168548 0.070968 0.079032
0 0.817742 0.120968 0.158065 0.120968
0 0.191129 0.228226 0.080645 0.101613
0 0.462500 0.028226 0.079839 0.056452
0 0.540323 0.219758 0.114516 0.045968
0 0.336694 0.047581 0.086290 0.095161
0 0.199597 0.391532 0.070161 0.076613
0 0.682258 0.309677 0.079032 0.083871
0 0.629032 0.465726 0.040323 0.039516
0 0.573790 0.466532 0.049194 0.071774
0 0.111290 0.525403 0.096774 0.110484
0 0.233468 0.672581 0.112097 0.061290
0 0.841935 0.567339 0.037097 0.037903
0 0.867742 0.626613 0.056452 0.043548
0 0.902419 0.542339 0.056452 0.081452
0 0.680645 0.193952 0.088710 0.058871
0 0.089113 0.313306 0.089516 0.063710
