0 0.006855 0.889516 0.013710 0.079032
0 0.412097 0.952016 0.032258 0.042742
0 0.136694 0.796774 0.039516 0.043548
0 0.191532 0.830242 0.066935 0.084677
0 0.179032 0.728629 0.083871 0.073387
0 0.362097 0.779032 0.046774 0.046774
0 0.437903 0.876613 0.070968 0.061290
0 0.094355 0.617742 0.041935 0.050000
0 0.193952 0.617742 0.073387 0.098387
0 0.330645 0.560484 0.030645 0.079032
0 0.002419 0.593548 0.004839 0.020968
0 0.013710 0.391532 0.027419 0.039516
0 0.062500 0.358065 0.039516 0.040323
0 0.071774 0.427419 0.032258 0.033871
0 0.141129 0.456855 0.040323 0.047581
0 0.343145 0.357661 0.097581 0.079839
0 0.254839 0.550403 0.035484 0.023387
0 0.473790 0.322984 0.045968 0.044355
0 0.444355 0.384677 0.053226 0.033871
0 0.064919 0.249194 0.045968 0.045161
0 0.310484 0.152823 0.067742 0.070161
0 0.452419 0.141129 0.054839 0.058065
0 0.165323 0.168548 0.056452 0.032258
0 0.874597 0.804435 0.045968 0.047581
0 0.929032 0.827823 0.040323 0.063710
0 0.586290 0.702823 0.037097 0.047581
0 0.912903 0.720161 0.053226 0.072581
0 0.583871 0.568952 0.050000 0.066935
0 0.755242 0.664113 0.034677 0.021774
0 0.651613 0.598387 0.054839 0.022581
0 0.529839 0.222177 0.072581 0.041129
0 0.680242 0.335081 0.073387 0.049194
0 0.866935 0.622177 0.098387 0.078226
