0 0.013710 0.249597 0.027419 0.125000
0 0.015726 0.415726 0.031452 0.073387
0 0.370565 0.118952 0.044355 0.041129
0 0.403226 0.058871 0.122581 0.117742
0 0.601613 0.043952 0.106452 0.062097
0 0.417339 0.705645 0.123387 0.087097
0 0.429435 0.835887 0.121774 0.133065
0 0.594758 0.880242 0.033065 0.031452
0 0.622177 0.817742 0.062097 0.056452
0 0.330242 0.869758 0.045968 0.058871
0 0.367339 0.230645 0.044355 0.046774
0 0.450806 0.284677 0.117742 0.104839
0 0.208871 0.421371 0.037097 0.036290
0 0.179839 0.461290 0.083871 0.062903
0 0.300806 0.364516 0.050000 0.062903
