0 0.100806 0.620161 0.201613 0.214516
0 0.357258 0.944758 0.053226 0.070161
0 0.300403 0.911694 0.057258 0.073387
0 0.650000 0.521371 0.079032 0.050806
0 0.575000 0.593952 0.066129 0.063710
0 0.556452 0.691935 0.062903 0.079032
0 0.432661 0.258468 0.100806 0.089516
0 0.390726 0.070161 0.147581 0.058065
0 0.596371 0.121774 0.023387 0.019355
0 0.637903 0.056452 0.096774 0.045161
0 0.704435 0.105645 0.091129 0.074194
0 0.968952 0.113306 0.062097 0.123387
0 0.403629 0.731048 0.055645 0.079839
0 0.431048 0.916935 0.071774 0.074194
0 0.490726 0.955242 0.050806 0.089516
0 0.474597 0.887903 0.049194 0.040323
0 0.574194 0.884274 0.053226 0.054032
0 0.472984 0.644758 0.060484 0.036290
