0 0.366532 0.907661 0.057258 0.049194
0 0.280645 0.789113 0.262903 0.215323
0 0.029839 0.965323 0.059677 0.069355
0 0.107258 0.334274 0.124194 0.073387
0 0.198387 0.439113 0.119355 0.131452
0 0.432661 0.414919 0.081452 0.097581
0 0.475403 0.554435 0.092742 0.108871
0 0.821774 0.474597 0.033871 0.023387
0 0.764919 0.437500 0.091129 0.107258
0 0.991532 0.527419 0.016935 0.040323
0 0.631855 0.825000 0.021774 0.025806
0 0.675000 0.793548 0.029032 0.035484
0 0.472177 0.256855 0.033065 0.033065
0 0.528226 0.218952 0.091935 0.078226
0 0.830645 0.123790 0.074194 0.087903
