0 0.263710 0.911290 0.196774 0.177419
0 0.608065 0.753226 0.091935 0.103226
0 0.752823 0.713306 0.104032 0.149194
0 0.700000 0.484677 0.070968 0.079032
0 0.630645 0.437097 0.158065 0.120968
0 0.933871 0.570161 0.111290 0.095161
0 0.070968 0.045161 0.120968 0.080645
0 0.022177 0.534274 0.044355 0.081452
0 0.241532 0.227823 0.089516 0.052419
0 0.268548 0.321774 0.093548 0.101613
0 0.353226 0.535887 0.114516 0.045968
0 0.502419 0.241935 0.114516 0.096774
0 0.500403 0.168145 0.147581 0.112097
0 0.011290 0.155242 0.022581 0.050806
0 0.149597 0.346774 0.086290 0.129032
0 0.023790 0.705645 0.047581 0.072581
0 0.495161 0.625806 0.079032 0.083871
0 0.441935 0.781855 0.040323 0.039516
0 0.386694 0.782661 0.049194 0.071774
0 0.051210 0.979032 0.102419 0.041935
0 0.654839 0.883468 0.037097 0.037903
0 0.680645 0.942742 0.056452 0.043548
0 0.715323 0.858468 0.056452 0.081452
0 0.493548 0.510081 0.088710 0.058871
