0 0.185484 0.227016 0.098387 0.095968
0 0.530645 0.763710 0.095161 0.080645
0 0.125806 0.952016 0.064516 0.094355
0 0.429435 0.531048 0.112097 0.086290
0 0.348387 0.454839 0.046774 0.051613
0 0.241935 0.389113 0.054839 0.049194
0 0.550000 0.441532 0.122581 0.065323
0 0.004435 0.570565 0.008871 0.026613
0 0.594355 0.195161 0.033871 0.030645
0 0.576210 0.243952 0.081452 0.089516
0 0.688306 0.708468 0.044355 0.034677
0 0.714113 0.401613 0.045968 0.043548
0 0.609274 0.381048 0.045968 0.039516
0 0.766129 0.262097 0.041935 0.037097
0 0.827419 0.225000 0.058065 0.029032
0 0.913710 0.302823 0.070968 0.042742
0 0.970161 0.292339 0.035484 0.052419
0 0.495968 0.179032 0.058065 0.038710
0 0.228226 0.088306 0.067742 0.075000
0 0.325403 0.022177 0.058871 0.036290
0 0.973790 0.347581 0.026613 0.024194
0 0.994758 0.279032 0.010484 0.029032
0 0.888710 0.076613 0.030645 0.027419
0 0.760887 0.084677 0.029839 0.020968
0 0.470968 0.027823 0.054839 0.055645
0 0.391935 0.085887 0.030645 0.025000
0 0.308065 0.249597 0.027419 0.034677
0 0.209274 0.277419 0.029839 0.037097
0 0.329032 0.280645 0.025806 0.024194
