0 0.131048 0.109677 0.057258 0.059677
0 0.066935 0.168145 0.133871 0.126613
0 0.379839 0.037500 0.109677 0.075000
0 0.297177 0.375403 0.363710 0.333065
0 0.535484 0.459677 0.254839 0.180645
0 0.270161 0.730645 0.285484 0.274194
0 0.403226 0.826210 0.048387 0.039516
0 0.396371 0.758468 0.049194 0.050806
0 0.512500 0.747984 0.162097 0.249194
0 0.723790 0.779839 0.016935 0.025806
0 0.754435 0.790323 0.081452 0.096774
0 0.908065 0.770565 0.183871 0.175000
0 0.019758 0.979032 0.039516 0.041935
0 0.116532 0.613710 0.089516 0.079032
