0 0.354839 0.060484 0.103226 0.120968
0 0.671774 0.334274 0.216129 0.195968
0 0.774597 0.143145 0.095968 0.068548
0 0.036290 0.723790 0.072581 0.104032
0 0.083065 0.646371 0.062903 0.047581
0 0.202419 0.564919 0.098387 0.094355
0 0.293145 0.670161 0.095968 0.072581
0 0.411694 0.580645 0.015323 0.008065
0 0.404435 0.551613 0.047581 0.046774
0 0.430645 0.605645 0.043548 0.045161
0 0.462097 0.409677 0.070968 0.046774
0 0.910484 0.944355 0.090323 0.111290
0 0.960081 0.690323 0.079839 0.124194
0 0.817742 0.630645 0.095161 0.101613
0 0.822177 0.720565 0.081452 0.062097
0 0.702419 0.800403 0.075806 0.092742
0 0.716935 0.920968 0.041935 0.059677
0 0.810887 0.851210 0.063710 0.042742
0 0.918548 0.820968 0.095161 0.109677
0 0.547581 0.416935 0.062903 0.029032
0 0.560484 0.491935 0.037097 0.043548
0 0.522581 0.280242 0.032258 0.029839
