0 0.055242 0.246371 0.110484 0.125000
0 0.014113 0.597581 0.028226 0.053226
0 0.464919 0.673790 0.047581 0.036290
0 0.416532 0.717339 0.083065 0.128226
0 0.464113 0.812097 0.089516 0.101613
0 0.272581 0.070161 0.090323 0.064516
0 0.317742 0.290323 0.119355 0.117742
0 0.016532 0.377823 0.033065 0.028226
0 0.441129 0.054032 0.153226 0.108065
0 0.386694 0.525403 0.083065 0.104032
0 0.788306 0.590726 0.062097 0.068548
0 0.961290 0.027823 0.077419 0.055645
0 0.978629 0.764516 0.013710 0.029032
0 0.993952 0.733871 0.012097 0.016129
0 0.931048 0.743145 0.081452 0.076613
0 0.966129 0.925806 0.067742 0.069355
