0 0.017339 0.358065 0.034677 0.090323
0 0.052823 0.035484 0.092742 0.070968
0 0.176210 0.147984 0.113710 0.155645
0 0.046774 0.620565 0.093548 0.262097
0 0.095161 0.383468 0.041935 0.049194
0 0.049194 0.437500 0.070968 0.123387
0 0.145968 0.274597 0.137097 0.091129
0 0.281855 0.458468 0.141129 0.176613
0 0.200806 0.540726 0.064516 0.068548
0 0.535081 0.671371 0.126613 0.141129
0 0.032661 0.957258 0.065323 0.085484
0 0.560887 0.793952 0.123387 0.116935
0 0.606048 0.922581 0.089516 0.069355
0 0.760887 0.981855 0.155645 0.036290
0 0.653629 0.665323 0.073387 0.104839
0 0.850000 0.865726 0.133871 0.092742
0 0.944355 0.742742 0.111290 0.109677
0 0.621774 0.360081 0.087097 0.044355
0 0.729839 0.439516 0.045161 0.043548
0 0.669758 0.417742 0.063710 0.041935
0 0.773387 0.321371 0.111290 0.073387
0 0.756452 0.554839 0.083871 0.041935
0 0.976613 0.367339 0.046774 0.047581
0 0.817742 0.472177 0.079032 0.033065
0 0.850000 0.100403 0.116129 0.091129
0 0.673790 0.108468 0.079839 0.068548
0 0.937903 0.164919 0.064516 0.052419
0 0.907258 0.246774 0.062903 0.038710
0 0.967339 0.177016 0.065323 0.084677
0 0.748790 0.107258 0.042742 0.053226
0 0.323387 0.803226 0.100000 0.051613
0 0.390726 0.692742 0.049194 0.079032
