0 0.034677 0.908065 0.069355 0.183871
0 0.459274 0.572177 0.081452 0.108871
0 0.320161 0.715323 0.033871 0.051613
0 0.434677 0.753226 0.148387 0.169355
0 0.360484 0.916532 0.041935 0.042742
0 0.351210 0.835484 0.129839 0.104839
0 0.878629 0.721774 0.129839 0.122581
0 0.971371 0.874194 0.057258 0.111290
0 0.113306 0.371774 0.020161 0.024194
0 0.046774 0.324194 0.093548 0.074194
0 0.044355 0.494355 0.088710 0.104839
0 0.417339 0.129435 0.128226 0.123387
0 0.429032 0.294758 0.048387 0.060484
0 0.515726 0.083065 0.029839 0.030645
0 0.551210 0.112903 0.054032 0.059677
0 0.784274 0.034274 0.097581 0.068548
