0 0.183871 0.117339 0.100000 0.095968
0 0.177419 0.017339 0.101613 0.034677
0 0.460484 0.269355 0.035484 0.024194
0 0.422984 0.290323 0.063710 0.035484
0 0.450806 0.357661 0.040323 0.071774
0 0.761290 0.460887 0.020968 0.020161
0 0.790726 0.491129 0.029839 0.030645
0 0.785081 0.412903 0.073387 0.119355
0 0.335484 0.524597 0.069355 0.066935
0 0.243145 0.306855 0.049194 0.079839
0 0.081048 0.229435 0.058871 0.076613
0 0.641935 0.220968 0.024194 0.024194
0 0.653226 0.277016 0.103226 0.095968
0 0.770565 0.648387 0.062097 0.079032
0 0.664113 0.864919 0.108871 0.055645
0 0.020565 0.723790 0.012097 0.016935
0 0.020968 0.782661 0.041935 0.044355
0 0.121371 0.937500 0.050806 0.073387
0 0.518145 0.726210 0.036290 0.060484
