0 0.047177 0.693952 0.094355 0.178226
0 0.219355 0.617339 0.117742 0.162097
0 0.480645 0.629839 0.040323 0.037097
0 0.452419 0.591935 0.038710 0.041935
0 0.510081 0.654839 0.044355 0.053226
0 0.402016 0.643952 0.055645 0.047581
0 0.475403 0.716532 0.068548 0.060484
0 0.514919 0.575403 0.063710 0.076613
0 0.601613 0.508871 0.138710 0.048387
0 0.696371 0.643952 0.162097 0.228226
0 0.900806 0.464113 0.198387 0.134677
0 0.638710 0.188710 0.061290 0.138710
0 0.560081 0.077016 0.075000 0.144355
0 0.738306 0.227016 0.099194 0.092742
0 0.735484 0.423790 0.046774 0.036290
