0 0.496371 0.513306 0.410484 0.305645
0 0.024597 0.718145 0.049194 0.042742
0 0.221371 0.682661 0.041129 0.045968
0 0.344758 0.812097 0.052419 0.041935
0 0.401613 0.886290 0.061290 0.048387
0 0.469355 0.886290 0.054839 0.059677
0 0.040726 0.307661 0.081452 0.116935
0 0.319758 0.269758 0.068548 0.078226
0 0.941532 0.125806 0.058871 0.070968
0 0.024597 0.021371 0.049194 0.033065
0 0.019758 0.097177 0.039516 0.041129
0 0.117742 0.078629 0.106452 0.070161
0 0.051210 0.975000 0.102419 0.050000
0 0.769758 0.035081 0.057258 0.070161
