0 0.323790 0.573387 0.055645 0.106452
0 0.396774 0.875806 0.029032 0.025806
0 0.350403 0.875000 0.062097 0.064516
0 0.985887 0.944758 0.028226 0.060484
0 0.781048 0.916935 0.033065 0.041935
0 0.375000 0.301210 0.143548 0.152419
0 0.610081 0.409677 0.113710 0.070968
0 0.457661 0.379435 0.160484 0.049194
0 0.177823 0.537097 0.063710 0.098387
0 0.022177 0.479839 0.044355 0.062903
0 0.322984 0.572581 0.055645 0.106452
0 0.691129 0.495161 0.038710 0.098387
0 0.706855 0.410484 0.055645 0.069355
0 0.201210 0.282661 0.078226 0.063710
0 0.510484 0.237903 0.095161 0.067742
0 0.556855 0.291129 0.039516 0.046774
0 0.578629 0.259274 0.049194 0.025000
0 0.688306 0.192742 0.120161 0.091935
0 0.033871 0.089919 0.067742 0.079839
0 0.110081 0.063710 0.070161 0.127419
0 0.885484 0.186694 0.054839 0.047581
