0 0.096371 0.559677 0.171774 0.211290
0 0.235081 0.914516 0.300806 0.170968
0 0.837097 0.837500 0.079032 0.050806
0 0.762097 0.910081 0.066129 0.063710
0 0.737903 0.984274 0.048387 0.031452
0 0.619758 0.574597 0.100806 0.089516
0 0.577823 0.386290 0.147581 0.058065
0 0.783468 0.437903 0.023387 0.019355
0 0.825000 0.372581 0.096774 0.045161
0 0.891532 0.421774 0.091129 0.074194
0 0.024194 0.196371 0.048387 0.041129
0 0.405242 0.180242 0.128226 0.079839
0 0.515726 0.103226 0.078226 0.040323
0 0.497984 0.266129 0.105645 0.053226
0 0.683468 0.284677 0.063710 0.040323
0 0.538306 0.171371 0.016935 0.015323
0 0.574194 0.165726 0.048387 0.042742
0 0.416532 0.022177 0.013710 0.013710
0 0.389919 0.030645 0.033065 0.032258
0 0.660081 0.960887 0.060484 0.036290
