0 0.213710 0.595565 0.100000 0.086290
0 0.284274 0.552419 0.031452 0.029032
0 0.309677 0.707661 0.083871 0.075000
0 0.405645 0.729032 0.053226 0.030645
0 0.547984 0.727823 0.055645 0.042742
0 0.633065 0.683065 0.020968 0.019355
0 0.614113 0.714113 0.068548 0.084677
0 0.693548 0.650806 0.022581 0.022581
0 0.690323 0.698387 0.051613 0.064516
0 0.693145 0.583871 0.031452 0.075806
0 0.637903 0.480645 0.020968 0.027419
0 0.613710 0.537903 0.024194 0.019355
0 0.428629 0.523387 0.033065 0.032258
0 0.301613 0.354032 0.035484 0.032258
0 0.280645 0.387500 0.037097 0.034677
0 0.395161 0.384274 0.025806 0.015323
0 0.608871 0.416129 0.024194 0.022581
0 0.461694 0.451613 0.036290 0.030645
0 0.009677 0.627016 0.019355 0.055645
0 0.059274 0.399194 0.054032 0.037097
0 0.316532 0.110081 0.054032 0.083065
0 0.079839 0.565726 0.024194 0.026613
0 0.775000 0.004839 0.048387 0.009677
0 0.327419 0.202823 0.027419 0.049194
0 0.869355 0.054839 0.041935 0.029032
0 0.880242 0.018952 0.065323 0.037903
