0 0.038710 0.113710 0.048387 0.064516
0 0.120565 0.261694 0.128226 0.073387
0 0.318952 0.310081 0.070161 0.104032
0 0.418548 0.152016 0.027419 0.008871
0 0.390726 0.182661 0.041129 0.044355
0 0.104032 0.516129 0.148387 0.182258
0 0.029839 0.818548 0.059677 0.090323
0 0.289919 0.772984 0.145968 0.084677
0 0.406452 0.875806 0.080645 0.129032
0 0.357661 0.960887 0.070161 0.078226
0 0.331855 0.568548 0.144355 0.135484
0 0.663306 0.563710 0.168548 0.245161
0 0.946371 0.436694 0.083065 0.070161
0 0.280242 0.065323 0.047581 0.038710
0 0.060887 0.054839 0.025000 0.030645
