0 0.597177 0.907661 0.171774 0.181452
0 0.094758 0.190726 0.047581 0.079839
0 0.412097 0.168145 0.024194 0.016935
0 0.426613 0.208871 0.072581 0.077419
0 0.297177 0.310887 0.081452 0.112097
0 0.597984 0.450806 0.134677 0.108065
0 0.389919 0.462097 0.079839 0.069355
0 0.308468 0.340726 0.105645 0.168548
0 0.222177 0.395968 0.142742 0.174194
0 0.484677 0.045161 0.069355 0.087097
0 0.172984 0.026210 0.076613 0.052419
0 0.172581 0.146774 0.114516 0.182258
0 0.502823 0.143548 0.073387 0.088710
0 0.362500 0.810887 0.131452 0.107258
0 0.548387 0.724194 0.048387 0.050000
0 0.480645 0.207661 0.035484 0.028226
0 0.512500 0.229839 0.034677 0.033871
