0 0.090323 0.840726 0.067742 0.108871
0 0.173387 0.889113 0.054839 0.102419
0 0.599194 0.952016 0.032258 0.042742
0 0.323790 0.796774 0.039516 0.043548
0 0.378629 0.830242 0.066935 0.084677
0 0.366129 0.728629 0.083871 0.073387
0 0.549194 0.779032 0.046774 0.046774
0 0.625000 0.876613 0.070968 0.061290
0 0.281452 0.617742 0.041935 0.050000
0 0.381048 0.617742 0.073387 0.098387
0 0.517742 0.560484 0.030645 0.079032
0 0.037500 0.525806 0.049194 0.046774
0 0.106855 0.505242 0.062097 0.050806
0 0.100806 0.549194 0.027419 0.025806
0 0.175403 0.545968 0.028226 0.035484
0 0.177823 0.591532 0.028226 0.029839
0 0.089516 0.396774 0.040323 0.033871
0 0.174194 0.403226 0.080645 0.062903
0 0.249597 0.358065 0.039516 0.040323
0 0.258871 0.427419 0.032258 0.033871
0 0.328226 0.456855 0.040323 0.047581
0 0.530242 0.357661 0.097581 0.079839
0 0.441935 0.550403 0.035484 0.023387
0 0.660887 0.322984 0.045968 0.044355
0 0.631452 0.384677 0.053226 0.033871
0 0.252016 0.249194 0.045968 0.045161
0 0.497581 0.152823 0.067742 0.070161
0 0.639516 0.141129 0.054839 0.058065
0 0.352419 0.168548 0.056452 0.032258
0 0.773387 0.702823 0.037097 0.047581
0 0.770968 0.568952 0.050000 0.066935
0 0.942339 0.664113 0.034677 0.021774
0 0.838710 0.598387 0.054839 0.022581
0 0.716935 0.222177 0.072581 0.041129
0 0.867339 0.335081 0.073387 0.049194
