0 0.075000 0.814919 0.045161 0.054032
0 0.205242 0.397984 0.052419 0.054032
0 0.474597 0.420161 0.075000 0.046774
0 0.522177 0.247581 0.092742 0.082258
0 0.618548 0.289113 0.022581 0.031452
0 0.641935 0.317339 0.059677 0.034677
0 0.689919 0.253226 0.042742 0.035484
0 0.723387 0.296774 0.037097 0.038710
0 0.808065 0.393145 0.022581 0.031452
0 0.911694 0.119758 0.041129 0.062097
0 0.284274 0.793952 0.029839 0.018548
0 0.280242 0.844355 0.039516 0.037097
0 0.214113 0.481452 0.075000 0.074194
0 0.273790 0.537903 0.026613 0.014516
0 0.289516 0.566935 0.066129 0.051613
0 0.362500 0.615323 0.013710 0.008065
0 0.340323 0.647984 0.032258 0.033065
0 0.297177 0.656452 0.045968 0.030645
0 0.322177 0.614919 0.034677 0.025000
0 0.012500 0.475806 0.025000 0.024194
0 0.134274 0.460484 0.018548 0.020968
0 0.689113 0.389919 0.047581 0.049194
0 0.927419 0.976210 0.030645 0.047581
