0 0.196371 0.695161 0.068548 0.061290
0 0.243548 0.767742 0.096774 0.111290
0 0.342742 0.588306 0.074194 0.112097
0 0.448790 0.770565 0.028226 0.029839
0 0.445161 0.825000 0.050000 0.045161
0 0.591532 0.979435 0.054032 0.041129
0 0.912903 0.851613 0.135484 0.129032
0 0.949194 0.740726 0.030645 0.034677
0 0.987097 0.717742 0.025806 0.040323
0 0.016129 0.556452 0.032258 0.043548
0 0.068952 0.500000 0.078226 0.061290
0 0.287903 0.189113 0.077419 0.057258
0 0.584677 0.297581 0.058065 0.096774
0 0.564919 0.418952 0.044355 0.031452
0 0.516532 0.434274 0.034677 0.044355
0 0.560081 0.466935 0.047581 0.045161
0 0.712097 0.399194 0.029032 0.022581
0 0.750806 0.283468 0.037097 0.034677
0 0.711694 0.284677 0.031452 0.054839
0 0.758871 0.218952 0.088710 0.033065
0 0.802419 0.116935 0.083871 0.058065
0 0.979839 0.229032 0.033871 0.040323
0 0.933468 0.351613 0.075000 0.091935
0 0.871774 0.398387 0.040323 0.074194
