0 0.196371 0.379032 0.068548 0.061290
0 0.243548 0.451613 0.096774 0.111290
0 0.342742 0.272177 0.074194 0.112097
0 0.448790 0.454435 0.028226 0.029839
0 0.445161 0.508871 0.050000 0.045161
0 0.590726 0.674597 0.055645 0.063710
0 0.912903 0.535484 0.135484 0.129032
0 0.949194 0.424597 0.030645 0.034677
0 0.987097 0.401613 0.025806 0.040323
0 0.016129 0.240323 0.032258 0.043548
0 0.068952 0.183871 0.078226 0.061290
0 0.594758 0.014919 0.033065 0.029839
0 0.564919 0.102823 0.044355 0.031452
0 0.516532 0.118145 0.034677 0.044355
0 0.560081 0.150806 0.047581 0.045161
0 0.712097 0.083065 0.029032 0.022581
0 0.933468 0.040726 0.075000 0.081452
0 0.871774 0.082258 0.040323 0.074194
