0 0.420565 0.010081 0.076613 0.020161
0 0.519758 0.088710 0.084677 0.064516
0 0.487500 0.181452 0.050806 0.059677
0 0.487500 0.472177 0.070161 0.076613
0 0.447581 0.741532 0.085484 0.083065
0 0.591935 0.815726 0.127419 0.091129
0 0.691532 0.518548 0.063710 0.085484
0 0.613710 0.215323 0.072581 0.041935
0 0.686694 0.289516 0.075000 0.104839
0 0.839516 0.274194 0.051613 0.062903
0 0.547984 0.722177 0.054032 0.037903
0 0.554435 0.668952 0.041129 0.060484
0 0.818952 0.390323 0.028226 0.022581
0 0.821774 0.358065 0.032258 0.035484
