0 0.034274 0.045161 0.068548 0.090323
0 0.354839 0.376613 0.103226 0.120968
0 0.451210 0.095968 0.065323 0.120968
0 0.366129 0.105242 0.132258 0.210484
0 0.761290 0.143145 0.087097 0.076613
0 0.650000 0.156855 0.132258 0.126613
0 0.671774 0.650403 0.216129 0.195968
0 0.774597 0.459274 0.095968 0.068548
0 0.083065 0.962500 0.062903 0.047581
0 0.202419 0.881048 0.098387 0.094355
0 0.293145 0.975000 0.095968 0.050000
0 0.411694 0.896774 0.015323 0.008065
0 0.404435 0.867742 0.047581 0.046774
0 0.430645 0.921774 0.043548 0.045161
0 0.462097 0.725806 0.070968 0.046774
0 0.970968 0.972177 0.058065 0.055645
0 0.817742 0.946774 0.095161 0.101613
0 0.547581 0.733065 0.062903 0.029032
0 0.560484 0.808065 0.037097 0.043548
0 0.522581 0.596371 0.032258 0.029839
0 0.833468 0.057661 0.033065 0.033065
0 0.891532 0.062500 0.062097 0.044355
