0 0.044758 0.486290 0.089516 0.095161
0 0.092742 0.814919 0.132258 0.123387
0 0.260887 0.756452 0.078226 0.104839
0 0.275403 0.511694 0.065323 0.063710
0 0.410484 0.414516 0.072581 0.082258
0 0.408065 0.499597 0.072581 0.079839
0 0.517742 0.612097 0.072581 0.062903
0 0.458065 0.674194 0.056452 0.058065
0 0.704032 0.419758 0.056452 0.033065
0 0.579032 0.497581 0.045161 0.027419
0 0.791129 0.466129 0.048387 0.043548
0 0.806048 0.523387 0.036290 0.032258
0 0.348790 0.295161 0.023387 0.025806
0 0.387097 0.310484 0.043548 0.045161
0 0.509677 0.780242 0.045161 0.042742
0 0.553226 0.855645 0.072581 0.070968
