0 0.668145 0.967742 0.029839 0.038710
0 0.712903 0.978226 0.088710 0.043548
0 0.725000 0.878629 0.041935 0.071774
0 0.774194 0.894758 0.037097 0.036290
0 0.817339 0.929435 0.031452 0.070161
0 0.860887 0.985887 0.028226 0.028226
0 0.918548 0.981048 0.033871 0.037903
0 0.959677 0.973387 0.058065 0.045161
0 0.964919 0.678226 0.070161 0.058065
0 0.987903 0.793952 0.024194 0.052419
0 0.916935 0.820968 0.067742 0.104839
0 0.839113 0.848387 0.063710 0.112903
0 0.887500 0.722177 0.042742 0.034677
0 0.749194 0.686694 0.020968 0.016935
0 0.685081 0.601210 0.021774 0.025000
0 0.869355 0.564113 0.029032 0.029839
0 0.968548 0.496774 0.051613 0.082258
0 0.616532 0.490323 0.041129 0.041935
0 0.659274 0.490323 0.033065 0.030645
0 0.813710 0.456452 0.037097 0.024194
0 0.891532 0.377016 0.070161 0.037903
0 0.894355 0.305645 0.062903 0.038710
0 0.386694 0.393145 0.047581 0.062097
0 0.477823 0.265323 0.062097 0.083871
0 0.546774 0.216129 0.041935 0.051613
0 0.456452 0.198790 0.066129 0.055645
0 0.517339 0.147581 0.037903 0.056452
0 0.578226 0.059274 0.050000 0.054032
0 0.750000 0.012903 0.059677 0.025806
0 0.308871 0.367339 0.080645 0.108871
0 0.054839 0.572177 0.103226 0.123387
0 0.019355 0.484274 0.038710 0.063710
