0 0.901210 0.349194 0.197581 0.177419
0 0.978226 0.536694 0.043548 0.086290
0 0.351210 0.745565 0.044355 0.050806
0 0.280645 0.716532 0.058065 0.044355
0 0.317339 0.833871 0.100806 0.070968
0 0.020968 0.612500 0.041935 0.107258
0 0.065726 0.702016 0.126613 0.133065
0 0.268145 0.562500 0.166935 0.100806
0 0.522581 0.650000 0.035484 0.048387
0 0.558468 0.698790 0.068548 0.076613
0 0.469355 0.698387 0.082258 0.091935
0 0.614516 0.135484 0.130645 0.059677
0 0.376613 0.412903 0.043548 0.064516
0 0.689919 0.877419 0.065323 0.050000
0 0.643548 0.902016 0.074194 0.113710
0 0.820161 0.950403 0.085484 0.099194
0 0.881855 0.787903 0.102419 0.104839
0 0.978226 0.974194 0.043548 0.051613
