0 0.081048 0.780645 0.089516 0.138710
0 0.380645 0.676613 0.037097 0.027419
0 0.440323 0.661694 0.095161 0.047581
0 0.679032 0.785081 0.027419 0.031452
0 0.640726 0.775000 0.060484 0.082258
0 0.776210 0.929435 0.057258 0.097581
0 0.554435 0.053226 0.116935 0.106452
0 0.757661 0.061694 0.071774 0.052419
0 0.731048 0.131855 0.099194 0.091129
0 0.687500 0.549194 0.034677 0.033871
0 0.683468 0.613710 0.070161 0.043548
0 0.808065 0.324597 0.317742 0.175000
0 0.791129 0.446774 0.016129 0.016129
0 0.748387 0.439113 0.035484 0.045968
0 0.688710 0.470161 0.050000 0.045161
0 0.864516 0.501613 0.064516 0.066129
0 0.872984 0.434274 0.084677 0.058871
0 0.869355 0.618548 0.100000 0.141935
0 0.937500 0.145161 0.125000 0.187097
0 0.924194 0.018145 0.059677 0.036290
