0 0.558065 0.236290 0.080645 0.125806
0 0.767339 0.205645 0.086290 0.074194
0 0.699597 0.300806 0.108871 0.138710
0 0.837500 0.325000 0.144355 0.093548
0 0.590323 0.531855 0.051613 0.033065
0 0.592742 0.667742 0.046774 0.040323
0 0.584274 0.596774 0.068548 0.054839
0 0.812097 0.609274 0.077419 0.092742
0 0.931452 0.588710 0.137097 0.196774
0 0.990323 0.399597 0.019355 0.075000
0 0.941935 0.422177 0.079032 0.078226
0 0.944355 0.172581 0.111290 0.108065
0 0.572581 0.008871 0.045161 0.017742
0 0.643952 0.009274 0.068548 0.018548
0 0.484274 0.021371 0.034677 0.036290
0 0.471774 0.044355 0.045161 0.045161
0 0.399597 0.041532 0.045968 0.058871
0 0.438710 0.088710 0.075806 0.066129
