0 0.323790 0.257258 0.055645 0.106452
0 0.396774 0.559677 0.029032 0.025806
0 0.350403 0.558871 0.062097 0.064516
0 0.188710 0.843952 0.075806 0.095968
0 0.279435 0.819355 0.057258 0.041935
0 0.288710 0.869355 0.041935 0.056452
0 0.394355 0.883065 0.045161 0.062903
0 0.632661 0.903226 0.037903 0.045161
0 0.599194 0.791532 0.043548 0.079839
0 0.982661 0.727419 0.034677 0.045161
0 0.985887 0.628629 0.028226 0.060484
0 0.887500 0.744758 0.026613 0.021774
0 0.919355 0.715323 0.025806 0.027419
0 0.781048 0.600806 0.033065 0.041935
0 0.403629 0.030645 0.086290 0.061290
0 0.610081 0.093548 0.113710 0.070968
0 0.457661 0.063306 0.160484 0.049194
0 0.177823 0.220968 0.063710 0.098387
0 0.022177 0.163710 0.044355 0.062903
0 0.322984 0.256452 0.055645 0.106452
0 0.691129 0.179032 0.038710 0.098387
0 0.706855 0.094355 0.055645 0.069355
