0 0.128226 0.658468 0.187097 0.145968
0 0.390323 0.820968 0.035484 0.059677
0 0.504032 0.811290 0.085484 0.059677
0 0.810484 0.702016 0.040323 0.042742
0 0.734677 0.731855 0.103226 0.120161
0 0.441129 0.009677 0.070968 0.019355
0 0.340726 0.035484 0.083065 0.064516
0 0.604435 0.404839 0.058871 0.059677
0 0.641532 0.508065 0.062097 0.033871
0 0.210484 0.204839 0.059677 0.093548
0 0.306855 0.183871 0.041129 0.041935
0 0.168952 0.061290 0.058871 0.022581
0 0.166532 0.100000 0.029839 0.037097
0 0.155242 0.164113 0.034677 0.036290
0 0.031452 0.224194 0.054839 0.037097
0 0.735484 0.352016 0.056452 0.039516
