0 0.029435 0.386290 0.058871 0.101613
0 0.085484 0.460081 0.050000 0.049194
0 0.058871 0.511290 0.056452 0.067742
0 0.066935 0.581048 0.050000 0.060484
0 0.013306 0.197984 0.026613 0.039516
0 0.161290 0.267742 0.050000 0.043548
0 0.106048 0.290726 0.057258 0.068548
0 0.451210 0.144355 0.149194 0.125806
0 0.509677 0.222177 0.062903 0.063710
0 0.579435 0.124194 0.058871 0.061290
0 0.483065 0.008871 0.054839 0.017742
0 0.919355 0.623790 0.161290 0.095968
0 0.666129 0.389113 0.075806 0.058871
0 0.741935 0.468145 0.148387 0.134677
