0 0.668952 0.373790 0.223387 0.171774
0 0.066532 0.328226 0.021774 0.027419
0 0.145968 0.282661 0.112903 0.070161
0 0.234677 0.446774 0.108065 0.112903
0 0.016532 0.571371 0.033065 0.110484
0 0.286290 0.575806 0.133871 0.103226
0 0.161290 0.516532 0.040323 0.071774
0 0.371371 0.443548 0.068548 0.083871
0 0.365726 0.866532 0.039516 0.112097
0 0.473387 0.772177 0.058065 0.060484
0 0.566129 0.077016 0.050000 0.042742
0 0.602016 0.130645 0.065323 0.124194
0 0.854435 0.047581 0.060484 0.095161
0 0.733065 0.608065 0.037097 0.030645
0 0.679032 0.639516 0.075806 0.030645
0 0.369355 0.136694 0.082258 0.065323
0 0.623790 0.029032 0.062097 0.058065
0 0.812097 0.717742 0.096774 0.079032
0 0.962500 0.618145 0.025000 0.031452
0 0.993145 0.622177 0.013710 0.071774
