0 0.957661 0.082258 0.084677 0.164516
0 0.963710 0.445161 0.072581 0.156452
0 0.047177 0.265323 0.091129 0.130645
0 0.227419 0.316935 0.096774 0.096774
0 0.138306 0.460887 0.087903 0.112097
0 0.189113 0.663306 0.378226 0.244355
0 0.819758 0.702419 0.102419 0.132258
0 0.693952 0.335887 0.039516 0.037903
0 0.645161 0.264113 0.062903 0.091129
0 0.745968 0.418548 0.117742 0.119355
0 0.736290 0.245565 0.138710 0.129839
0 0.916532 0.297581 0.089516 0.079032
0 0.502419 0.283468 0.014516 0.025000
0 0.518952 0.261290 0.028226 0.020968
0 0.462500 0.285081 0.029839 0.021774
0 0.472984 0.250000 0.039516 0.038710
