0 0.041129 0.432258 0.082258 0.235484
0 0.218952 0.637903 0.086290 0.087097
0 0.125403 0.522984 0.089516 0.133065
0 0.197177 0.046774 0.157258 0.093548
0 0.056048 0.239516 0.112097 0.158065
0 0.206855 0.347177 0.097581 0.110484
0 0.372177 0.435081 0.149194 0.183065
0 0.311694 0.290323 0.097581 0.150000
0 0.394355 0.311290 0.027419 0.032258
0 0.439919 0.278629 0.063710 0.070161
0 0.471371 0.138306 0.078226 0.041129
0 0.545968 0.091532 0.183871 0.125000
0 0.590323 0.255242 0.067742 0.081452
0 0.679435 0.322984 0.116935 0.097581
0 0.708871 0.012500 0.029032 0.025000
0 0.816935 0.028629 0.064516 0.054032
0 0.168952 0.116532 0.008871 0.008871
0 0.204839 0.104435 0.033871 0.026613
