0 0.400806 0.595565 0.100000 0.086290
0 0.471371 0.552419 0.031452 0.029032
0 0.496774 0.707661 0.083871 0.075000
0 0.592742 0.729032 0.053226 0.030645
0 0.735081 0.727823 0.055645 0.042742
0 0.820161 0.683065 0.020968 0.019355
0 0.801210 0.714113 0.068548 0.084677
0 0.880645 0.650806 0.022581 0.022581
0 0.877419 0.698387 0.051613 0.064516
0 0.880242 0.583871 0.031452 0.075806
0 0.825000 0.480645 0.020968 0.027419
0 0.800806 0.537903 0.024194 0.019355
0 0.615726 0.523387 0.033065 0.032258
0 0.488710 0.354032 0.035484 0.032258
0 0.467742 0.387500 0.037097 0.034677
0 0.582258 0.384274 0.025806 0.015323
0 0.795968 0.416129 0.024194 0.022581
0 0.648790 0.451613 0.036290 0.030645
0 0.159677 0.622984 0.093548 0.078226
0 0.172984 0.518548 0.039516 0.075806
0 0.246371 0.399194 0.054032 0.037097
0 0.503629 0.110081 0.054032 0.083065
0 0.266935 0.565726 0.024194 0.026613
0 0.962097 0.004839 0.048387 0.009677
0 0.514516 0.202823 0.027419 0.049194
0 0.038306 0.194758 0.076613 0.045968
