0 0.050806 0.026613 0.101613 0.053226
0 0.121371 0.215323 0.125000 0.091935
0 0.220565 0.272984 0.052419 0.079839
0 0.356452 0.237500 0.058065 0.058871
0 0.320968 0.390323 0.138710 0.122581
0 0.387500 0.298790 0.086290 0.071774
0 0.261290 0.610081 0.082258 0.107258
0 0.486694 0.806855 0.137903 0.092742
0 0.518145 0.720161 0.084677 0.062903
0 0.585484 0.360484 0.020968 0.020968
0 0.550403 0.303629 0.058871 0.097581
0 0.722984 0.062097 0.105645 0.080645
0 0.678629 0.365726 0.125000 0.126613
0 0.690323 0.270968 0.087097 0.069355
0 0.970565 0.075806 0.034677 0.043548
0 0.933468 0.034677 0.047581 0.066129
0 0.890726 0.373790 0.133065 0.154032
0 0.972984 0.565726 0.054032 0.128226
0 0.925403 0.662903 0.058871 0.048387
0 0.778629 0.750806 0.094355 0.088710
0 0.945161 0.746774 0.109677 0.104839
0 0.693548 0.942339 0.072581 0.107258
0 0.935081 0.915726 0.129839 0.152419
0 0.555242 0.035484 0.050806 0.038710
0 0.922984 0.140323 0.052419 0.101613
0 0.573790 0.086694 0.018548 0.023387
0 0.612097 0.143548 0.040323 0.030645
0 0.618145 0.084677 0.062097 0.062903
0 0.615726 0.035484 0.044355 0.038710
