0 0.206048 0.854032 0.058871 0.050000
0 0.193548 0.788710 0.062903 0.070968
0 0.292742 0.864516 0.104839 0.119355
0 0.335484 0.606048 0.083871 0.115323
0 0.016129 0.973790 0.032258 0.052419
0 0.191532 0.322581 0.020161 0.020968
0 0.182661 0.365726 0.070161 0.083065
0 0.596774 0.456855 0.037097 0.041129
0 0.563710 0.430242 0.038710 0.037903
0 0.791532 0.541935 0.045968 0.053226
0 0.706048 0.538710 0.118548 0.125806
0 0.795161 0.185887 0.075806 0.091129
0 0.465323 0.108065 0.037097 0.048387
0 0.518145 0.081452 0.062097 0.037097
0 0.369355 0.204435 0.054839 0.031452
0 0.545968 0.172581 0.050000 0.030645
