0 0.198387 0.370161 0.164516 0.267742
0 0.036694 0.218952 0.073387 0.062097
0 0.700000 0.800806 0.211290 0.293548
0 0.628629 0.493548 0.105645 0.122581
0 0.738710 0.375000 0.225806 0.216129
0 0.392339 0.121371 0.068548 0.039516
0 0.538710 0.182661 0.051613 0.041129
0 0.481452 0.127419 0.127419 0.190323
0 0.214113 0.903629 0.039516 0.029839
0 0.153226 0.857258 0.138710 0.058065
0 0.555645 0.014919 0.090323 0.029839
0 0.741532 0.017339 0.137903 0.034677
0 0.763306 0.147177 0.037903 0.042742
0 0.670565 0.202419 0.112097 0.101613
0 0.823387 0.063306 0.114516 0.100806
0 0.822984 0.666935 0.029839 0.030645
0 0.763306 0.649194 0.050806 0.050000
0 0.945161 0.756855 0.109677 0.137903
0 0.010081 0.622984 0.020161 0.086290
0 0.863710 0.281452 0.033871 0.041935
0 0.756048 0.277016 0.039516 0.044355
0 0.795968 0.265726 0.043548 0.068548
