0 0.015726 0.352419 0.031452 0.077419
0 0.314113 0.383468 0.075000 0.075000
0 0.256855 0.422984 0.063710 0.105645
0 0.176210 0.556452 0.068548 0.051613
0 0.202016 0.510081 0.029839 0.034677
0 0.087903 0.769355 0.075806 0.066129
0 0.579435 0.396774 0.050806 0.069355
0 0.493952 0.401613 0.099194 0.079032
0 0.655645 0.381048 0.011290 0.025000
0 0.634274 0.381855 0.026613 0.039516
0 0.634677 0.473790 0.080645 0.066935
0 0.740726 0.430242 0.028226 0.049194
0 0.778629 0.406452 0.054032 0.056452
0 0.255645 0.050000 0.067742 0.053226
0 0.268145 0.010484 0.063710 0.020968
0 0.444758 0.075806 0.031452 0.029032
0 0.476613 0.090726 0.040323 0.034677
0 0.533871 0.065726 0.041935 0.063710
0 0.290726 0.129435 0.058871 0.034677
0 0.473387 0.170968 0.014516 0.008065
0 0.467742 0.145161 0.022581 0.019355
0 0.512903 0.170161 0.043548 0.033871
0 0.436290 0.176613 0.025806 0.029032
0 0.460484 0.260887 0.019355 0.012097
0 0.448790 0.229839 0.029839 0.045161
0 0.498790 0.002016 0.026613 0.004032
