0 0.091129 0.014516 0.046774 0.029032
0 0.044758 0.023387 0.031452 0.032258
0 0.273790 0.041532 0.115323 0.083065
0 0.010887 0.324194 0.021774 0.041935
0 0.032258 0.382258 0.064516 0.079032
0 0.092339 0.421774 0.055645 0.083871
0 0.275806 0.269355 0.048387 0.032258
0 0.359677 0.298790 0.082258 0.087903
0 0.295161 0.365323 0.066129 0.051613
0 0.374597 0.362500 0.039516 0.045968
0 0.072984 0.961290 0.060484 0.077419
0 0.361694 0.798387 0.047581 0.045161
0 0.720968 0.625000 0.067742 0.067742
0 0.470968 0.331452 0.106452 0.096774
0 0.544355 0.362903 0.056452 0.074194
0 0.587097 0.392339 0.029032 0.034677
0 0.747581 0.447581 0.041935 0.050000
0 0.753226 0.352823 0.083871 0.126613
0 0.644355 0.237903 0.090323 0.125806
0 0.740726 0.142339 0.026613 0.033065
0 0.706048 0.186290 0.079839 0.091935
