0 0.877016 0.810484 0.123387 0.133871
0 0.539113 0.679435 0.054032 0.075000
0 0.975403 0.229839 0.049194 0.098387
0 0.724194 0.102419 0.256452 0.188710
0 0.519355 0.185081 0.048387 0.068548
0 0.555242 0.252419 0.087903 0.109677
0 0.572177 0.033871 0.073387 0.067742
0 0.605242 0.539113 0.039516 0.028226
0 0.546774 0.535484 0.080645 0.088710
0 0.412097 0.347984 0.048387 0.068548
0 0.147177 0.008468 0.049194 0.016935
0 0.982258 0.394355 0.035484 0.070968
0 0.487903 0.120161 0.085484 0.032258
0 0.634677 0.796371 0.074194 0.068548
0 0.911290 0.525403 0.096774 0.110484
0 0.988710 0.680645 0.022581 0.035484
0 0.695565 0.338306 0.063710 0.049194
0 0.029435 0.566935 0.058871 0.053226
0 0.437903 0.200000 0.058065 0.061290
0 0.889113 0.313306 0.089516 0.063710
