0 0.011290 0.464919 0.022581 0.045968
0 0.338710 0.497581 0.075806 0.095161
0 0.272581 0.525806 0.169355 0.156452
0 0.292339 0.677823 0.176613 0.131452
0 0.739516 0.391532 0.122581 0.123387
0 0.841129 0.316129 0.161290 0.151613
0 0.840726 0.476210 0.221774 0.141129
0 0.685081 0.130645 0.063710 0.041935
0 0.901210 0.141129 0.050806 0.067742
0 0.779032 0.147984 0.103226 0.075000
0 0.903629 0.021774 0.097581 0.043548
0 0.741129 0.642742 0.074194 0.080645
0 0.854032 0.650403 0.103226 0.075000
0 0.864919 0.883065 0.057258 0.061290
0 0.624597 0.538710 0.081452 0.061290
0 0.673790 0.568952 0.037903 0.050806
0 0.190726 0.972177 0.097581 0.055645
0 0.032661 0.946774 0.065323 0.101613
0 0.421774 0.986694 0.016129 0.016935
0 0.447581 0.992742 0.019355 0.014516
0 0.033468 0.057661 0.033065 0.033065
0 0.091532 0.062500 0.062097 0.044355
