0 0.988710 0.980645 0.022581 0.038710
0 0.519355 0.761290 0.125806 0.103226
0 0.393548 0.951210 0.058065 0.037903
0 0.527419 0.866935 0.051613 0.048387
0 0.300403 0.705242 0.062097 0.057258
0 0.256048 0.693952 0.026613 0.026613
0 0.277419 0.747177 0.038710 0.039516
0 0.478226 0.950000 0.133871 0.100000
0 0.391935 0.991129 0.029032 0.017742
0 0.437500 0.869758 0.070161 0.049194
0 0.347581 0.899194 0.053226 0.074194
0 0.336694 0.916935 0.055645 0.053226
0 0.368548 0.842742 0.022581 0.022581
0 0.356855 0.978629 0.042742 0.042742
0 0.398790 0.935081 0.073387 0.079839
0 0.977419 0.076613 0.040323 0.025806
0 0.921371 0.134677 0.100806 0.127419
0 0.996774 0.198790 0.006452 0.039516
0 0.971774 0.270161 0.045161 0.075806
0 0.745968 0.123387 0.069355 0.066129
0 0.822984 0.199597 0.025000 0.049194
0 0.888710 0.021371 0.041935 0.042742
0 0.604032 0.079435 0.053226 0.054032
0 0.627016 0.015323 0.076613 0.030645
0 0.568145 0.006048 0.033065 0.012097
0 0.568548 0.045565 0.030645 0.041129
0 0.626613 0.015323 0.075806 0.030645
0 0.604435 0.070968 0.052419 0.066129
0 0.799597 0.084677 0.036290 0.030645
0 0.671371 0.162097 0.037903 0.027419
0 0.574597 0.269355 0.049194 0.077419
0 0.471371 0.193145 0.060484 0.031452
0 0.410081 0.204839 0.018548 0.024194
0 0.412903 0.306452 0.017742 0.019355
0 0.420161 0.357661 0.017742 0.020161
0 0.413306 0.312097 0.018548 0.030645
0 0.270565 0.614113 0.037903 0.037903
0 0.288710 0.645161 0.037097 0.046774
0 0.447581 0.478226 0.062903 0.043548
0 0.372177 0.488306 0.033065 0.036290
0 0.402419 0.588306 0.027419 0.025000
0 0.408065 0.543952 0.037097 0.021774
0 0.443548 0.542339 0.020968 0.025000
0 0.472177 0.584677 0.020161 0.019355
0 0.435484 0.635887 0.029032 0.025000
0 0.295565 0.588306 0.044355 0.041129
0 0.284677 0.541935 0.022581 0.024194
0 0.311290 0.560484 0.020968 0.020968
0 0.326613 0.506048 0.025806 0.028226
0 0.279032 0.504839 0.058065 0.043548
0 0.255645 0.505645 0.037097 0.040323
0 0.230645 0.543145 0.017742 0.028226
0 0.217339 0.503629 0.025000 0.029839
0 0.235887 0.466935 0.033065 0.025806
0 0.272581 0.466532 0.038710 0.029839
0 0.265323 0.994355 0.027419 0.011290
0 0.259274 0.990726 0.036290 0.018548
0 0.052823 0.681452 0.105645 0.120968
0 0.065726 0.105242 0.045968 0.047581
0 0.130242 0.015323 0.028226 0.030645
