0 0.258468 0.069758 0.055645 0.078226
0 0.363306 0.047984 0.071774 0.070161
0 0.333468 0.150403 0.054032 0.073387
0 0.422984 0.315726 0.081452 0.041129
0 0.610887 0.255242 0.073387 0.086290
0 0.519758 0.404839 0.084677 0.064516
0 0.487500 0.497581 0.050806 0.059677
0 0.487500 0.788306 0.070161 0.076613
0 0.691532 0.834677 0.063710 0.085484
0 0.613710 0.531452 0.072581 0.041935
0 0.686694 0.605645 0.075000 0.104839
0 0.839516 0.590323 0.051613 0.062903
0 0.554435 0.977419 0.041129 0.045161
0 0.818952 0.706452 0.028226 0.022581
0 0.821774 0.674194 0.032258 0.035484
