0 0.102016 0.110484 0.204032 0.083871
0 0.122984 0.254839 0.183065 0.161290
0 0.271371 0.183871 0.173387 0.140323
0 0.148387 0.552016 0.296774 0.465323
0 0.216129 0.356048 0.064516 0.091129
0 0.329839 0.535484 0.114516 0.211290
0 0.500000 0.441532 0.261290 0.278226
0 0.533065 0.232661 0.206452 0.129839
0 0.359677 0.335484 0.025806 0.019355
0 0.397581 0.300000 0.053226 0.070968
0 0.345968 0.283871 0.035484 0.033871
0 0.695565 0.751210 0.125000 0.229839
0 0.853629 0.277016 0.037903 0.034677
0 0.847984 0.339113 0.054032 0.047581
0 0.047177 0.017742 0.036290 0.035484
