0 0.028629 0.903226 0.057258 0.193548
0 0.096774 0.500806 0.029032 0.056452
0 0.040323 0.520968 0.080645 0.103226
0 0.395161 0.653629 0.091935 0.097581
0 0.254435 0.754032 0.087903 0.054839
0 0.560081 0.521774 0.133065 0.085484
0 0.331855 0.170161 0.218548 0.237097
0 0.587500 0.716129 0.125000 0.079032
0 0.941935 0.701613 0.116129 0.062903
0 0.708871 0.976613 0.035484 0.016129
0 0.708065 0.919758 0.045161 0.034677
0 0.756855 0.966129 0.062097 0.064516
0 0.879435 0.965323 0.086290 0.069355
0 0.891532 0.830645 0.045968 0.037097
0 0.747177 0.821774 0.073387 0.075806
0 0.822581 0.816935 0.072581 0.075806
0 0.418145 0.818548 0.086290 0.083871
0 0.262903 0.820565 0.035484 0.033065
