0 0.034677 0.352016 0.069355 0.149194
0 0.125806 0.333871 0.104839 0.187097
0 0.109274 0.009677 0.075000 0.019355
0 0.093145 0.061290 0.033065 0.037097
0 0.292742 0.268952 0.054839 0.042742
0 0.297581 0.359677 0.083871 0.091935
0 0.452419 0.239516 0.038710 0.046774
0 0.408468 0.230242 0.042742 0.071774
0 0.762500 0.184274 0.081452 0.070161
0 0.641532 0.147984 0.184677 0.102419
0 0.672177 0.295565 0.155645 0.123387
0 0.879839 0.093145 0.111290 0.133065
0 0.945565 0.208065 0.108871 0.056452
0 0.329032 0.119355 0.050000 0.056452
