0 0.037500 0.954032 0.075000 0.087097
0 0.062097 0.188710 0.124194 0.224194
0 0.044355 0.354435 0.088710 0.108871
0 0.034274 0.662903 0.068548 0.109677
0 0.185081 0.751210 0.149194 0.183065
0 0.124597 0.606452 0.097581 0.150000
0 0.207258 0.627419 0.027419 0.032258
0 0.252823 0.594758 0.063710 0.070161
0 0.256452 0.243548 0.098387 0.103226
0 0.182258 0.069758 0.032258 0.037903
0 0.208468 0.022581 0.057258 0.043548
0 0.284274 0.454435 0.078226 0.041129
0 0.358871 0.407661 0.183871 0.125000
0 0.403226 0.571371 0.067742 0.081452
0 0.492339 0.639113 0.116935 0.097581
0 0.402016 0.241935 0.126613 0.156452
0 0.537500 0.118145 0.166935 0.152419
0 0.731048 0.199597 0.049194 0.039516
0 0.656855 0.175000 0.147581 0.074194
0 0.569758 0.255242 0.020161 0.015323
0 0.534274 0.278629 0.060484 0.125000
0 0.629839 0.344758 0.064516 0.054032
0 0.714113 0.256452 0.045968 0.046774
0 0.017742 0.420565 0.033871 0.026613
