0 0.099194 0.914516 0.198387 0.170968
0 0.650000 0.837500 0.079032 0.050806
0 0.575000 0.910081 0.066129 0.063710
0 0.550806 0.984274 0.048387 0.031452
0 0.432661 0.574597 0.100806 0.089516
0 0.390726 0.386290 0.147581 0.058065
0 0.596371 0.437903 0.023387 0.019355
0 0.637903 0.372581 0.096774 0.045161
0 0.704435 0.421774 0.091129 0.074194
0 0.968952 0.429435 0.062097 0.123387
0 0.218145 0.180242 0.128226 0.079839
0 0.328629 0.103226 0.078226 0.040323
0 0.310887 0.266129 0.105645 0.053226
0 0.496371 0.284677 0.063710 0.040323
0 0.351210 0.171371 0.016935 0.015323
0 0.387097 0.165726 0.048387 0.042742
0 0.229435 0.022177 0.013710 0.013710
0 0.202823 0.030645 0.033065 0.032258
0 0.472984 0.960887 0.060484 0.036290
