0 0.022984 0.979839 0.045968 0.040323
0 0.163306 0.040323 0.049194 0.040323
0 0.591129 0.068145 0.064516 0.084677
0 0.717339 0.231452 0.079839 0.045161
0 0.789113 0.213306 0.054032 0.076613
0 0.472984 0.410887 0.071774 0.075000
0 0.606452 0.705242 0.114516 0.044355
0 0.337903 0.644758 0.056452 0.050806
0 0.016129 0.797984 0.032258 0.076613
0 0.291129 0.962097 0.040323 0.048387
0 0.355645 0.958871 0.033871 0.035484
0 0.327823 0.922581 0.036290 0.037097
0 0.769758 0.825403 0.063710 0.054032
0 0.866532 0.852016 0.071774 0.057258
