0 0.061694 0.813306 0.123387 0.179839
0 0.368952 0.520968 0.141129 0.161290
0 0.470968 0.373790 0.200000 0.104032
0 0.039516 0.158065 0.079032 0.083871
0 0.245968 0.347984 0.083871 0.068548
0 0.097581 0.043952 0.138710 0.087903
0 0.572177 0.165323 0.039516 0.033871
0 0.504839 0.125806 0.108065 0.069355
0 0.695565 0.025806 0.081452 0.051613
0 0.772581 0.103226 0.062903 0.100000
0 0.533871 0.021371 0.061290 0.042742
0 0.756452 0.286290 0.100000 0.091935
0 0.852016 0.238306 0.092742 0.126613
0 0.582258 0.752419 0.104839 0.114516
