0 0.020161 0.212097 0.040323 0.046774
0 0.018548 0.266935 0.037097 0.051613
0 0.014113 0.484274 0.028226 0.062097
0 0.735887 0.121774 0.147581 0.159677
0 0.662097 0.285484 0.041935 0.045161
0 0.605645 0.257258 0.083871 0.096774
0 0.490323 0.368145 0.091935 0.066935
0 0.519758 0.498790 0.041129 0.025000
0 0.561290 0.481855 0.035484 0.025000
0 0.575000 0.518952 0.041935 0.045968
0 0.498790 0.554435 0.110484 0.100806
0 0.510887 0.671371 0.175000 0.126613
0 0.608468 0.907258 0.141129 0.109677
0 0.856452 0.715726 0.133871 0.116935
0 0.975403 0.506855 0.049194 0.087903
0 0.893952 0.864113 0.066935 0.055645
