0 0.083468 0.640726 0.166935 0.175000
0 0.064516 0.817742 0.064516 0.066129
0 0.072984 0.750403 0.084677 0.058871
0 0.069355 0.931855 0.100000 0.136290
0 0.150403 0.461290 0.150806 0.187097
0 0.190323 0.075806 0.172581 0.151613
0 0.059274 0.302823 0.028226 0.031452
0 0.071371 0.244355 0.044355 0.046774
0 0.115323 0.304032 0.077419 0.096774
0 0.494758 0.283468 0.089516 0.079839
0 0.616532 0.338306 0.094355 0.094355
0 0.224194 0.308871 0.061290 0.079032
0 0.434274 0.680242 0.107258 0.129839
0 0.587903 0.785887 0.085484 0.097581
