0 0.254839 0.407258 0.138710 0.156452
0 0.027419 0.770565 0.054839 0.094355
0 0.112097 0.719758 0.025806 0.025000
0 0.093145 0.688710 0.042742 0.030645
0 0.147984 0.764113 0.010484 0.012097
0 0.167339 0.789516 0.041129 0.041935
0 0.291129 0.904032 0.058065 0.085484
0 0.229435 0.973387 0.058871 0.053226
0 0.386290 0.878629 0.085484 0.081452
0 0.407661 0.531452 0.041129 0.040323
0 0.387500 0.604032 0.073387 0.038710
0 0.330645 0.543952 0.053226 0.063710
0 0.417742 0.693145 0.085484 0.083065
0 0.576613 0.727419 0.045161 0.066129
0 0.550806 0.618952 0.048387 0.063710
0 0.371371 0.266129 0.075000 0.040323
0 0.430645 0.234274 0.029032 0.028226
0 0.054839 0.035484 0.053226 0.038710
0 0.154839 0.066129 0.022581 0.032258
0 0.193145 0.103629 0.057258 0.063710
0 0.300000 0.070161 0.072581 0.072581
0 0.658468 0.013306 0.042742 0.026613
0 0.723790 0.611694 0.029839 0.042742
0 0.769758 0.501210 0.042742 0.050806
