0 0.221774 0.513710 0.124194 0.095161
0 0.113710 0.907258 0.085484 0.130645
0 0.259677 0.773387 0.095161 0.058065
0 0.375403 0.822984 0.039516 0.039516
0 0.499597 0.812500 0.184677 0.121774
0 0.195565 0.664919 0.042742 0.042742
0 0.177419 0.700403 0.082258 0.034677
0 0.247984 0.817742 0.076613 0.040323
0 0.451613 0.339516 0.066129 0.095161
0 0.388710 0.399597 0.101613 0.116935
0 0.240323 0.266532 0.103226 0.058871
0 0.002823 0.372984 0.005645 0.021774
0 0.047984 0.364113 0.050806 0.036290
0 0.052419 0.545968 0.056452 0.070968
0 0.347984 0.910081 0.047581 0.029839
0 0.282258 0.951613 0.056452 0.038710
0 0.329435 0.990726 0.058871 0.018548
0 0.433871 0.495161 0.056452 0.058065
0 0.442742 0.601210 0.180645 0.112097
0 0.332258 0.698790 0.059677 0.031452
