0 0.045565 0.617339 0.091129 0.162097
0 0.293548 0.629839 0.040323 0.037097
0 0.265323 0.591935 0.038710 0.041935
0 0.322984 0.654839 0.044355 0.053226
0 0.214919 0.643952 0.055645 0.047581
0 0.288306 0.716532 0.068548 0.060484
0 0.327823 0.575403 0.063710 0.076613
0 0.414516 0.508871 0.138710 0.048387
0 0.509274 0.643952 0.162097 0.228226
0 0.751613 0.464113 0.274194 0.134677
0 0.941935 0.680242 0.088710 0.063710
0 0.910081 0.572581 0.179839 0.140323
0 0.451613 0.188710 0.061290 0.138710
0 0.372984 0.077016 0.075000 0.144355
0 0.551210 0.227016 0.099194 0.092742
0 0.872984 0.265726 0.016935 0.034677
0 0.887903 0.212097 0.072581 0.098387
0 0.548387 0.423790 0.046774 0.036290
