0 0.216935 0.784677 0.156452 0.101613
0 0.071371 0.821774 0.068548 0.064516
0 0.221774 0.197581 0.124194 0.095161
0 0.113710 0.591129 0.085484 0.130645
0 0.259677 0.457258 0.095161 0.058065
0 0.375403 0.506855 0.039516 0.039516
0 0.499597 0.496371 0.184677 0.121774
0 0.195565 0.348790 0.042742 0.042742
0 0.177419 0.384274 0.082258 0.034677
0 0.247984 0.501613 0.076613 0.040323
0 0.451613 0.035484 0.066129 0.070968
0 0.388710 0.083468 0.101613 0.116935
0 0.002823 0.056855 0.005645 0.021774
0 0.047984 0.047984 0.050806 0.036290
0 0.052419 0.229839 0.056452 0.070968
0 0.347984 0.593952 0.047581 0.029839
0 0.282258 0.635484 0.056452 0.038710
0 0.327016 0.691935 0.063710 0.053226
0 0.433871 0.179032 0.056452 0.058065
0 0.442742 0.285081 0.180645 0.112097
0 0.332258 0.382661 0.059677 0.031452
