0 0.687097 0.603629 0.027419 0.028226
0 0.681855 0.644758 0.107258 0.071774
0 0.929032 0.483871 0.095161 0.074194
0 0.250000 0.233468 0.091935 0.133065
0 0.332661 0.159677 0.079839 0.045161
0 0.657258 0.017742 0.096774 0.035484
0 0.015726 0.707661 0.031452 0.092742
0 0.876210 0.667742 0.015323 0.014516
0 0.831855 0.639516 0.015323 0.019355
0 0.825403 0.666532 0.034677 0.025000
0 0.861694 0.621774 0.044355 0.066129
0 0.519355 0.516129 0.074194 0.053226
0 0.080645 0.374597 0.017742 0.016935
0 0.075806 0.444758 0.080645 0.087903
0 0.736290 0.212097 0.129032 0.066129
0 0.181855 0.769355 0.029839 0.037097
0 0.135484 0.816935 0.035484 0.041935
0 0.132661 0.752419 0.058871 0.033871
