0 0.099597 0.881452 0.010484 0.024194
0 0.066935 0.901210 0.040323 0.060484
0 0.132661 0.956048 0.029839 0.031452
0 0.073790 0.281452 0.107258 0.172581
0 0.012097 0.332258 0.024194 0.058065
0 0.187903 0.169355 0.087097 0.064516
0 0.392339 0.714113 0.052419 0.054032
0 0.661694 0.736290 0.075000 0.046774
0 0.709274 0.563710 0.092742 0.082258
0 0.933871 0.120968 0.051613 0.070968
0 0.805645 0.605242 0.022581 0.031452
0 0.829032 0.633468 0.059677 0.034677
0 0.877016 0.569355 0.042742 0.035484
0 0.910484 0.612903 0.037097 0.038710
0 0.991935 0.709274 0.016129 0.031452
0 0.401210 0.797581 0.075000 0.074194
0 0.460887 0.854032 0.026613 0.014516
0 0.476613 0.883065 0.066129 0.051613
0 0.549597 0.931452 0.013710 0.008065
0 0.527419 0.964113 0.032258 0.033065
0 0.484274 0.972581 0.045968 0.030645
0 0.509274 0.931048 0.034677 0.025000
0 0.198790 0.791935 0.026613 0.024194
0 0.321371 0.776613 0.018548 0.020968
0 0.876210 0.706048 0.047581 0.049194
