0 0.776613 0.040726 0.135484 0.081452
0 0.814919 0.389919 0.071774 0.100806
0 0.267339 0.293548 0.057258 0.040323
0 0.235081 0.358871 0.107258 0.129032
0 0.191935 0.539516 0.156452 0.137097
0 0.079435 0.627419 0.031452 0.024194
0 0.033065 0.646371 0.066129 0.094355
0 0.635081 0.717339 0.071774 0.094355
0 0.491935 0.975806 0.079032 0.048387
0 0.987903 0.988306 0.024194 0.023387
0 0.101613 0.022177 0.062903 0.044355
0 0.232258 0.144758 0.059677 0.054032
0 0.152016 0.093145 0.094355 0.125000
0 0.833871 0.125403 0.083871 0.094355
