0 0.041129 0.748387 0.082258 0.235484
0 0.218952 0.954032 0.086290 0.087097
0 0.125403 0.839113 0.089516 0.133065
0 0.245968 0.188710 0.130645 0.224194
0 0.197177 0.354839 0.157258 0.109677
0 0.056048 0.555645 0.112097 0.158065
0 0.206855 0.663306 0.097581 0.110484
0 0.372177 0.751210 0.149194 0.183065
0 0.311694 0.606452 0.097581 0.150000
0 0.394355 0.627419 0.027419 0.032258
0 0.439919 0.594758 0.063710 0.070161
0 0.443548 0.243548 0.098387 0.103226
0 0.369355 0.069758 0.032258 0.037903
0 0.395565 0.022581 0.057258 0.043548
0 0.471371 0.454435 0.078226 0.041129
0 0.545968 0.407661 0.183871 0.125000
0 0.590323 0.571371 0.067742 0.081452
0 0.679435 0.639113 0.116935 0.097581
0 0.589113 0.241935 0.126613 0.156452
0 0.724597 0.118145 0.166935 0.152419
0 0.918145 0.199597 0.049194 0.039516
0 0.843952 0.175000 0.147581 0.074194
0 0.756855 0.255242 0.020161 0.015323
0 0.721371 0.278629 0.060484 0.125000
0 0.816935 0.344758 0.064516 0.054032
0 0.901210 0.256452 0.045968 0.046774
0 0.168952 0.432661 0.008871 0.008871
0 0.204839 0.420565 0.033871 0.026613
