0 0.127823 0.982258 0.041129 0.035484
0 0.066129 0.920565 0.114516 0.100806
0 0.085081 0.789919 0.125000 0.123387
0 0.300806 0.585484 0.277419 0.211290
0 0.556855 0.712097 0.073387 0.079032
0 0.477823 0.674597 0.110484 0.149194
0 0.668145 0.194758 0.160484 0.158871
0 0.670161 0.047177 0.166129 0.094355
0 0.874194 0.043952 0.129032 0.087903
0 0.817339 0.593145 0.037903 0.042742
0 0.877823 0.577823 0.057258 0.062097
0 0.841532 0.637500 0.050806 0.037903
0 0.444758 0.018952 0.050806 0.037903
0 0.359677 0.062500 0.069355 0.054032
