0 0.151613 0.181452 0.075806 0.095161
0 0.085484 0.209677 0.169355 0.156452
0 0.105242 0.361694 0.176613 0.131452
0 0.552419 0.075403 0.122581 0.123387
0 0.651613 0.037903 0.154839 0.075806
0 0.653629 0.160081 0.221774 0.141129
0 0.554032 0.326613 0.074194 0.080645
0 0.666935 0.334274 0.103226 0.075000
0 0.677823 0.566935 0.057258 0.061290
0 0.437500 0.222581 0.081452 0.061290
0 0.486694 0.252823 0.037903 0.050806
0 0.026210 0.663710 0.052419 0.070968
0 0.234677 0.670565 0.016129 0.016935
0 0.240323 0.739919 0.016129 0.018548
0 0.260484 0.677419 0.019355 0.016129
0 0.263306 0.714516 0.031452 0.043548
0 0.103226 0.799194 0.038710 0.033871
