0 0.380645 0.088710 0.077419 0.054839
0 0.429032 0.051613 0.170968 0.095161
0 0.583468 0.052016 0.079839 0.063710
0 0.550806 0.005645 0.056452 0.011290
0 0.031855 0.614516 0.063710 0.108065
0 0.236290 0.544758 0.095161 0.084677
0 0.863306 0.127823 0.147581 0.137903
0 0.959677 0.235887 0.054839 0.049194
0 0.886694 0.224597 0.099194 0.071774
0 0.949194 0.369355 0.101613 0.125806
0 0.983065 0.138710 0.033871 0.053226
0 0.360081 0.844355 0.195968 0.230645
0 0.642339 0.694758 0.049194 0.034677
0 0.601613 0.728629 0.037097 0.058871
0 0.789516 0.663306 0.120968 0.113710
0 0.232258 0.263710 0.016129 0.027419
0 0.179839 0.260484 0.072581 0.041935
0 0.313710 0.242742 0.064516 0.100000
0 0.412903 0.189113 0.064516 0.066935
0 0.475000 0.203226 0.029032 0.030645
0 0.529032 0.240323 0.035484 0.029032
0 0.538710 0.178629 0.080645 0.097581
