0 0.968145 0.543145 0.063710 0.095968
0 0.508065 0.915323 0.130645 0.091935
0 0.466532 0.711290 0.052419 0.041935
0 0.795968 0.887500 0.025806 0.029839
0 0.354032 0.327419 0.085484 0.043548
0 0.697177 0.253629 0.075000 0.071774
0 0.561694 0.202016 0.102419 0.044355
0 0.375806 0.900806 0.038710 0.037097
0 0.337500 0.952419 0.052419 0.045161
0 0.113710 0.791129 0.077419 0.040323
0 0.206855 0.492339 0.023387 0.018548
0 0.177419 0.507661 0.111290 0.044355
0 0.355645 0.373387 0.030645 0.025806
0 0.310484 0.374194 0.040323 0.032258
0 0.362097 0.462500 0.032258 0.018548
0 0.025000 0.339113 0.050000 0.052419
0 0.446371 0.122984 0.025000 0.021774
0 0.364919 0.121371 0.025000 0.029839
0 0.342742 0.028629 0.027419 0.023387
0 0.367742 0.155242 0.020968 0.018548
0 0.420161 0.135484 0.024194 0.032258
0 0.393952 0.125806 0.020161 0.020968
0 0.527419 0.739113 0.043548 0.023387
0 0.234274 0.660081 0.044355 0.034677
0 0.315726 0.695968 0.029839 0.020968
0 0.272581 0.540323 0.050000 0.033871
0 0.075000 0.891532 0.029032 0.037903
0 0.022984 0.845565 0.026613 0.025000
0 0.417742 0.950000 0.022581 0.020968
0 0.475806 0.966129 0.056452 0.045161
0 0.917339 0.088306 0.023387 0.028226
0 0.926210 0.121774 0.028226 0.029032
0 0.967742 0.092339 0.025806 0.026613
0 0.846371 0.138710 0.036290 0.033871
0 0.997177 0.594758 0.005645 0.028226
