0 0.109677 0.923387 0.141935 0.153226
0 0.072177 0.624597 0.076613 0.107258
0 0.108065 0.414919 0.070968 0.052419
0 0.362903 0.683065 0.372581 0.230645
0 0.716532 0.728629 0.036290 0.041129
0 0.865323 0.689516 0.053226 0.041935
0 0.783468 0.703226 0.091129 0.122581
0 0.031452 0.225403 0.053226 0.087903
0 0.108065 0.416532 0.070968 0.055645
0 0.316129 0.380645 0.035484 0.041935
0 0.247177 0.361694 0.087903 0.073387
0 0.653629 0.487500 0.110484 0.081452
0 0.698387 0.092742 0.032258 0.022581
0 0.636694 0.101210 0.100806 0.054032
0 0.728226 0.445565 0.051613 0.037903
