0 0.587500 0.314919 0.157258 0.163710
0 0.512097 0.531048 0.064516 0.071774
0 0.504435 0.637097 0.187903 0.195161
0 0.785887 0.987903 0.079839 0.024194
0 0.538710 0.977419 0.016129 0.017742
0 0.089516 0.194355 0.085484 0.091935
0 0.134274 0.272581 0.133065 0.080645
0 0.272984 0.140323 0.129839 0.125806
0 0.590726 0.100403 0.102419 0.087903
0 0.770161 0.043952 0.108065 0.086290
0 0.880645 0.690726 0.017742 0.016935
0 0.875806 0.760887 0.080645 0.087903
0 0.206855 0.574194 0.039516 0.029032
0 0.530242 0.439516 0.057258 0.083871
0 0.499597 0.349597 0.033065 0.044355
