0 0.764516 0.273790 0.120968 0.091129
0 0.924194 0.357258 0.151613 0.116129
0 0.796774 0.714113 0.091935 0.091129
0 0.930645 0.831452 0.062903 0.075806
0 0.729032 0.976613 0.085484 0.046774
0 0.543548 0.803629 0.070968 0.084677
0 0.172581 0.587097 0.040323 0.038710
0 0.212097 0.608065 0.051613 0.041935
0 0.220565 0.537500 0.050806 0.076613
0 0.152016 0.605645 0.029839 0.037097
0 0.786290 0.447177 0.072581 0.095968
0 0.187500 0.333871 0.083065 0.109677
0 0.375806 0.183065 0.020968 0.019355
0 0.400403 0.241532 0.057258 0.121774
0 0.518145 0.264113 0.025000 0.026613
0 0.508468 0.208871 0.037903 0.051613
0 0.671774 0.018145 0.070968 0.036290
0 0.709677 0.073387 0.106452 0.100000
0 0.387500 0.016129 0.062097 0.032258
0 0.228629 0.009274 0.029839 0.018548
