0 0.034677 0.668145 0.069355 0.149194
0 0.125806 0.650000 0.104839 0.187097
0 0.110484 0.315726 0.077419 0.039516
0 0.093145 0.377419 0.033065 0.037097
0 0.292742 0.585081 0.054839 0.042742
0 0.297581 0.675806 0.083871 0.091935
0 0.452419 0.555645 0.038710 0.046774
0 0.408468 0.546371 0.042742 0.071774
0 0.762500 0.500403 0.081452 0.070161
0 0.641532 0.464113 0.184677 0.102419
0 0.672177 0.611694 0.155645 0.123387
0 0.879839 0.409274 0.111290 0.133065
0 0.306048 0.093548 0.034677 0.033871
0 0.308468 0.144758 0.044355 0.033065
0 0.318145 0.229435 0.049194 0.055645
0 0.945565 0.524194 0.108871 0.056452
0 0.329032 0.435484 0.050000 0.056452
