0 0.974597 0.776210 0.050806 0.092742
0 0.651210 0.679839 0.091129 0.132258
0 0.220565 0.904032 0.250806 0.122581
0 0.406855 0.910484 0.045968 0.043548
0 0.425403 0.967339 0.058871 0.065323
0 0.810887 0.964516 0.097581 0.070968
0 0.310484 0.374194 0.048387 0.038710
0 0.379435 0.373790 0.079839 0.047581
0 0.489113 0.351210 0.113710 0.055645
0 0.227823 0.493548 0.113710 0.154839
0 0.587903 0.509274 0.038710 0.034677
0 0.660081 0.484677 0.055645 0.075806
0 0.616935 0.345968 0.027419 0.022581
0 0.695565 0.336694 0.123387 0.105645
0 0.907258 0.334274 0.124194 0.073387
0 0.969355 0.434274 0.061290 0.121774
