0 0.126613 0.034677 0.253226 0.069355
0 0.058065 0.212903 0.116129 0.109677
0 0.342742 0.177823 0.151613 0.155645
0 0.627016 0.002016 0.021774 0.004032
0 0.754435 0.103226 0.034677 0.037097
0 0.798790 0.058065 0.034677 0.037097
0 0.762500 0.191129 0.055645 0.048387
0 0.840323 0.119758 0.100000 0.079839
0 0.051613 0.550403 0.103226 0.058871
0 0.037097 0.680645 0.074194 0.080645
0 0.233065 0.701210 0.014516 0.028226
0 0.192339 0.653226 0.036290 0.041935
0 0.235081 0.616935 0.044355 0.040323
0 0.269355 0.671371 0.046774 0.075000
0 0.456452 0.550403 0.033871 0.042742
0 0.383065 0.548790 0.064516 0.045968
0 0.692742 0.608065 0.088710 0.096774
0 0.487903 0.736290 0.025806 0.009677
0 0.542339 0.816129 0.036290 0.029032
0 0.503629 0.698790 0.058871 0.052419
0 0.383065 0.732258 0.058065 0.056452
0 0.572581 0.734274 0.082258 0.095968
0 0.200403 0.937903 0.081452 0.077419
