0 0.137097 0.137097 0.188710 0.091935
0 0.072581 0.286290 0.093548 0.056452
0 0.221774 0.291935 0.164516 0.120968
0 0.525000 0.288710 0.064516 0.072581
0 0.433468 0.292742 0.102419 0.117742
0 0.790726 0.204435 0.147581 0.158871
0 0.504839 0.407258 0.045161 0.053226
0 0.537500 0.364516 0.070161 0.043548
0 0.191129 0.429435 0.116129 0.118548
0 0.033468 0.504435 0.066935 0.065323
0 0.546774 0.850806 0.082258 0.129032
0 0.645161 0.975000 0.074194 0.050000
0 0.576613 0.986290 0.075806 0.027419
0 0.141935 0.647984 0.037097 0.031452
0 0.168145 0.558871 0.099194 0.114516
0 0.287903 0.739516 0.046774 0.056452
0 0.329435 0.648387 0.089516 0.150000
0 0.275000 0.550403 0.046774 0.037903
0 0.439113 0.672581 0.028226 0.030645
0 0.412097 0.625806 0.041935 0.035484
0 0.405242 0.724194 0.062097 0.056452
0 0.051210 0.715726 0.013710 0.031452
0 0.063306 0.676613 0.086290 0.059677
