0 0.221371 0.060887 0.437903 0.121774
0 0.229839 0.212903 0.146774 0.109677
0 0.529839 0.177823 0.151613 0.155645
0 0.814113 0.002016 0.021774 0.004032
0 0.941532 0.103226 0.034677 0.037097
0 0.984274 0.058065 0.031452 0.037097
0 0.949597 0.191129 0.055645 0.048387
0 0.988710 0.118548 0.022581 0.061290
0 0.004032 0.723790 0.008065 0.033065
0 0.031452 0.637500 0.062903 0.105645
0 0.081855 0.471774 0.102419 0.104839
0 0.152016 0.722984 0.033065 0.054032
0 0.238710 0.550403 0.103226 0.058871
0 0.208871 0.676613 0.104839 0.088710
0 0.420161 0.701210 0.014516 0.028226
0 0.379435 0.653226 0.036290 0.041935
0 0.422177 0.616935 0.044355 0.040323
0 0.456452 0.671371 0.046774 0.075000
0 0.643548 0.550403 0.033871 0.042742
0 0.570161 0.548790 0.064516 0.045968
0 0.879839 0.608065 0.088710 0.096774
0 0.675000 0.736290 0.025806 0.009677
0 0.729435 0.816129 0.036290 0.029032
0 0.690726 0.698790 0.058871 0.052419
0 0.570161 0.732258 0.058065 0.056452
0 0.759677 0.734274 0.082258 0.095968
0 0.387500 0.937903 0.081452 0.077419
