0 0.076210 0.463306 0.110484 0.092742
0 0.157661 0.437500 0.075000 0.045968
0 0.304032 0.378226 0.062903 0.045161
0 0.127823 0.580645 0.057258 0.069355
0 0.066129 0.633468 0.051613 0.062097
0 0.112903 0.627016 0.061290 0.058871
0 0.276210 0.638710 0.078226 0.075806
0 0.275403 0.564113 0.075000 0.063710
0 0.362903 0.567339 0.088710 0.113710
0 0.421774 0.644758 0.098387 0.084677
0 0.502419 0.529839 0.211290 0.106452
0 0.627419 0.618548 0.058065 0.054839
0 0.838710 0.371371 0.090323 0.060484
0 0.911290 0.334274 0.069355 0.052419
0 0.424597 0.036290 0.097581 0.072581
0 0.648790 0.025403 0.068548 0.050806
0 0.517742 0.025000 0.059677 0.050000
0 0.883065 0.055645 0.041935 0.033871
