0 0.073790 0.756452 0.078226 0.104839
0 0.088306 0.511694 0.065323 0.063710
0 0.223387 0.414516 0.072581 0.082258
0 0.220968 0.499597 0.072581 0.079839
0 0.330645 0.612097 0.072581 0.062903
0 0.270968 0.674194 0.056452 0.058065
0 0.516935 0.419758 0.056452 0.033065
0 0.391935 0.497581 0.045161 0.027419
0 0.604032 0.466129 0.048387 0.043548
0 0.618952 0.523387 0.036290 0.032258
0 0.161694 0.295161 0.023387 0.025806
0 0.200000 0.310484 0.043548 0.045161
0 0.322581 0.780242 0.045161 0.042742
0 0.366129 0.855645 0.072581 0.070968
