0 0.540323 0.979032 0.051613 0.041935
0 0.975403 0.545968 0.049194 0.098387
0 0.724194 0.418548 0.256452 0.188710
0 0.519355 0.501210 0.048387 0.068548
0 0.555242 0.568548 0.087903 0.109677
0 0.516532 0.269758 0.026613 0.016935
0 0.588710 0.325806 0.106452 0.116129
0 0.605242 0.855242 0.039516 0.028226
0 0.546774 0.851613 0.080645 0.088710
0 0.412097 0.664113 0.048387 0.068548
0 0.039919 0.237903 0.050806 0.054839
0 0.146371 0.280645 0.070161 0.104839
0 0.215726 0.175403 0.113710 0.079839
0 0.969355 0.166935 0.061290 0.074194
0 0.982258 0.710484 0.035484 0.070968
0 0.487903 0.436290 0.085484 0.032258
0 0.911290 0.841532 0.096774 0.110484
0 0.695565 0.654435 0.063710 0.049194
0 0.029435 0.883065 0.058871 0.053226
0 0.437903 0.516129 0.058065 0.061290
0 0.889113 0.629435 0.089516 0.063710
