0 0.179435 0.907661 0.057258 0.049194
0 0.112500 0.789113 0.225000 0.215323
0 0.035484 0.440323 0.070968 0.129032
0 0.245565 0.414919 0.081452 0.097581
0 0.288306 0.554435 0.092742 0.108871
0 0.634677 0.474597 0.033871 0.023387
0 0.577823 0.437500 0.091129 0.107258
0 0.850000 0.517742 0.108065 0.064516
0 0.444758 0.825000 0.021774 0.025806
0 0.487903 0.793548 0.029032 0.035484
0 0.940726 0.306048 0.066935 0.050806
0 0.908065 0.243548 0.053226 0.051613
0 0.958468 0.264919 0.054032 0.060484
0 0.285081 0.256855 0.033065 0.033065
0 0.341129 0.218952 0.091935 0.078226
0 0.643548 0.123790 0.074194 0.087903
