0 0.397581 0.938710 0.127419 0.122581
0 0.897581 0.435484 0.082258 0.077419
0 0.474597 0.355242 0.084677 0.121774
0 0.805645 0.941935 0.043548 0.024194
0 0.899194 0.927016 0.135484 0.145968
0 0.112500 0.922984 0.023387 0.015323
0 0.112500 0.949194 0.023387 0.033871
0 0.152419 0.931452 0.054839 0.048387
0 0.179435 0.833871 0.057258 0.108065
0 0.154032 0.679839 0.072581 0.038710
0 0.542339 0.819355 0.104032 0.045161
0 0.604435 0.610081 0.031452 0.034677
0 0.127823 0.172581 0.058871 0.058065
0 0.612500 0.039113 0.065323 0.065323
0 0.440323 0.132661 0.061290 0.049194
0 0.647984 0.739113 0.105645 0.120161
0 0.347984 0.810484 0.112097 0.093548
0 0.483065 0.981048 0.072581 0.037903
0 0.564516 0.894355 0.025806 0.022581
0 0.567742 0.935887 0.061290 0.060484
0 0.728629 0.337500 0.031452 0.058871
0 0.139516 0.718952 0.012903 0.008871
0 0.120161 0.752016 0.051613 0.058871
0 0.070565 0.602823 0.070161 0.036290
0 0.860887 0.627016 0.023387 0.028226
0 0.831855 0.601210 0.042742 0.037903
