0 0.778629 0.986290 0.050806 0.027419
0 0.934677 0.502823 0.091935 0.070161
0 0.887097 0.353226 0.058065 0.062903
0 0.712500 0.161290 0.070161 0.041935
0 0.802419 0.161694 0.104839 0.042742
0 0.825403 0.204839 0.029839 0.032258
0 0.828226 0.164516 0.045161 0.037097
0 0.966532 0.160887 0.050806 0.060484
0 0.893145 0.133468 0.094355 0.041129
0 0.537097 0.295968 0.087097 0.064516
0 0.810887 0.230242 0.028226 0.026613
0 0.843145 0.242742 0.031452 0.027419
0 0.854839 0.192742 0.037097 0.038710
0 0.730645 0.285081 0.051613 0.057258
0 0.422581 0.306048 0.053226 0.083065
0 0.987097 0.343548 0.025806 0.022581
0 0.092742 0.270968 0.051613 0.046774
0 0.101210 0.336694 0.042742 0.033065
0 0.162500 0.336290 0.055645 0.061290
0 0.011290 0.337500 0.022581 0.065323
0 0.484274 0.227823 0.049194 0.058871
