0 0.208065 0.337500 0.091935 0.097581
0 0.067339 0.437903 0.087903 0.054839
0 0.372984 0.205645 0.133065 0.085484
0 0.400403 0.400000 0.125000 0.079032
0 0.756048 0.385484 0.118548 0.062903
0 0.521774 0.660484 0.035484 0.016129
0 0.520968 0.603629 0.045161 0.034677
0 0.569758 0.650000 0.062097 0.064516
0 0.698387 0.670161 0.098387 0.111290
0 0.871774 0.866532 0.087097 0.042742
0 0.704435 0.514516 0.045968 0.037097
0 0.560081 0.505645 0.073387 0.075806
0 0.635484 0.500806 0.072581 0.075806
0 0.231048 0.502419 0.086290 0.083871
0 0.075806 0.504435 0.035484 0.033065
