0 0.654032 0.204032 0.258065 0.233871
0 0.039113 0.171774 0.078226 0.061290
0 0.256452 0.061290 0.098387 0.122581
0 0.547177 0.048790 0.113710 0.097581
0 0.381048 0.038710 0.058871 0.074194
0 0.350403 0.095968 0.065323 0.122581
0 0.338710 0.309274 0.220968 0.181452
0 0.346371 0.641935 0.158871 0.161290
0 0.490323 0.477016 0.127419 0.102419
0 0.587500 0.546774 0.123387 0.203226
0 0.538306 0.356048 0.075000 0.076613
0 0.626613 0.333065 0.088710 0.080645
0 0.096774 0.274597 0.108065 0.062097
0 0.502016 0.554032 0.075000 0.053226
0 0.422581 0.551210 0.056452 0.057258
0 0.459677 0.643145 0.067742 0.071774
0 0.172177 0.861694 0.175000 0.186290
0 0.415726 0.716129 0.076613 0.022581
0 0.639516 0.850403 0.143548 0.145968
0 0.901613 0.677016 0.183871 0.241129
0 0.063306 0.537903 0.120161 0.079032
0 0.172984 0.535081 0.071774 0.055645
0 0.134677 0.596371 0.062903 0.049194
0 0.061694 0.591935 0.047581 0.045161
0 0.063710 0.435887 0.095161 0.086290
0 0.494758 0.862903 0.126613 0.125806
0 0.345161 0.839919 0.067742 0.062097
