0 0.423387 0.198387 0.058065 0.064516
0 0.494758 0.113710 0.026613 0.035484
0 0.541935 0.102016 0.064516 0.044355
0 0.966532 0.018145 0.066935 0.036290
0 0.596774 0.315726 0.082258 0.047581
0 0.131048 0.663710 0.083065 0.054839
0 0.162903 0.701613 0.114516 0.096774
0 0.021774 0.902823 0.043548 0.115323
0 0.463306 0.679435 0.158871 0.097581
0 0.460081 0.818145 0.171774 0.149194
0 0.574597 0.808871 0.039516 0.040323
0 0.568145 0.755645 0.079839 0.054839
0 0.771371 0.699194 0.131452 0.085484
0 0.866532 0.460484 0.213710 0.187097
0 0.966129 0.532258 0.067742 0.138710
0 0.163710 0.139113 0.090323 0.063710
