0 0.028629 0.600000 0.057258 0.219355
0 0.096774 0.184677 0.029032 0.056452
0 0.040323 0.204839 0.080645 0.103226
0 0.395161 0.337500 0.091935 0.097581
0 0.254435 0.437903 0.087903 0.054839
0 0.560081 0.205645 0.133065 0.085484
0 0.587500 0.400000 0.125000 0.079032
0 0.941935 0.385484 0.116129 0.062903
0 0.708871 0.660484 0.035484 0.016129
0 0.708065 0.603629 0.045161 0.034677
0 0.756855 0.650000 0.062097 0.064516
0 0.885484 0.670161 0.098387 0.111290
0 0.891532 0.514516 0.045968 0.037097
0 0.747177 0.505645 0.073387 0.075806
0 0.822581 0.500806 0.072581 0.075806
0 0.418145 0.502419 0.086290 0.083871
0 0.262903 0.504435 0.035484 0.033065
