0 0.954032 0.519355 0.091935 0.253226
0 0.473790 0.813710 0.060484 0.064516
0 0.382258 0.840726 0.109677 0.155645
0 0.607258 0.791532 0.075806 0.068548
0 0.754032 0.773790 0.054839 0.084677
0 0.685484 0.894758 0.120968 0.070161
0 0.631452 0.350000 0.048387 0.100000
0 0.660887 0.458871 0.073387 0.075806
0 0.241532 0.976613 0.050806 0.040323
0 0.405645 0.539919 0.027419 0.039516
0 0.455242 0.525403 0.076613 0.060484
0 0.711290 0.203226 0.096774 0.106452
0 0.784274 0.255242 0.058871 0.099194
0 0.559274 0.076613 0.097581 0.093548
0 0.801613 0.075000 0.172581 0.150000
