0 0.627419 0.272984 0.135484 0.073387
0 0.928629 0.515726 0.102419 0.108871
0 0.804839 0.646371 0.077419 0.070161
0 0.144355 0.717339 0.045161 0.044355
0 0.191935 0.580242 0.067742 0.073387
0 0.276210 0.582258 0.039516 0.032258
0 0.241935 0.652823 0.025806 0.029839
0 0.185887 0.652823 0.029839 0.034677
0 0.258468 0.843145 0.041129 0.050806
0 0.221774 0.821371 0.053226 0.076613
0 0.293145 0.951210 0.065323 0.068548
0 0.041532 0.582258 0.070161 0.037097
0 0.052823 0.105645 0.044355 0.048387
0 0.016532 0.395968 0.033065 0.030645
