0 0.654032 0.520161 0.258065 0.233871
0 0.163710 0.222581 0.130645 0.191935
0 0.039113 0.487903 0.078226 0.061290
0 0.254435 0.335484 0.102419 0.206452
0 0.310484 0.181452 0.091935 0.100000
0 0.546371 0.310081 0.179839 0.207258
0 0.381048 0.354839 0.058871 0.074194
0 0.350403 0.412097 0.065323 0.122581
0 0.338710 0.625403 0.220968 0.181452
0 0.346371 0.938710 0.158871 0.122581
0 0.490323 0.793145 0.127419 0.102419
0 0.587500 0.862903 0.123387 0.203226
0 0.538306 0.672177 0.075000 0.076613
0 0.626613 0.649194 0.088710 0.080645
0 0.096774 0.590726 0.108065 0.062097
0 0.502016 0.870161 0.075000 0.053226
0 0.422581 0.867339 0.056452 0.057258
0 0.459677 0.959274 0.067742 0.071774
0 0.904435 0.936290 0.178226 0.127419
0 0.063306 0.854032 0.120161 0.079032
0 0.172984 0.851210 0.071774 0.055645
0 0.134677 0.912500 0.062903 0.049194
0 0.061694 0.908065 0.047581 0.045161
0 0.063710 0.752016 0.095161 0.086290
0 0.584677 0.107661 0.077419 0.081452
0 0.569758 0.035887 0.079839 0.071774
0 0.463710 0.033065 0.056452 0.037097
0 0.441129 0.135484 0.054839 0.045161
0 0.861694 0.242339 0.060484 0.068548
0 0.872581 0.079435 0.056452 0.036290
