0 0.081452 0.154032 0.154839 0.124194
0 0.013306 0.241532 0.026613 0.050806
0 0.094758 0.506855 0.047581 0.079839
0 0.412097 0.484274 0.024194 0.016935
0 0.426613 0.525000 0.072581 0.077419
0 0.297177 0.627016 0.081452 0.112097
0 0.597984 0.766935 0.134677 0.108065
0 0.389919 0.778226 0.079839 0.069355
0 0.308468 0.656855 0.105645 0.168548
0 0.222177 0.712097 0.142742 0.174194
0 0.484677 0.361290 0.069355 0.087097
0 0.172984 0.335484 0.076613 0.066129
0 0.008468 0.297177 0.016935 0.041129
0 0.172581 0.462903 0.114516 0.182258
0 0.502823 0.459677 0.073387 0.088710
0 0.300806 0.044355 0.079032 0.088710
0 0.138710 0.066129 0.072581 0.056452
0 0.247984 0.129839 0.052419 0.087097
0 0.429435 0.147177 0.065323 0.055645
0 0.480645 0.523790 0.035484 0.028226
0 0.512500 0.545968 0.034677 0.033871
0 0.850806 0.108065 0.050000 0.030645
