0 0.097581 0.119355 0.082258 0.077419
0 0.370968 0.117339 0.100000 0.095968
0 0.364516 0.017339 0.101613 0.034677
0 0.013710 0.625806 0.027419 0.024194
0 0.099194 0.616532 0.135484 0.157258
0 0.647581 0.269355 0.035484 0.024194
0 0.610081 0.290323 0.063710 0.035484
0 0.637903 0.357661 0.040323 0.071774
0 0.948387 0.460887 0.020968 0.020161
0 0.977823 0.491129 0.029839 0.030645
0 0.967742 0.412500 0.064516 0.118548
0 0.522581 0.524597 0.069355 0.066935
0 0.430242 0.306855 0.049194 0.079839
0 0.268145 0.229435 0.058871 0.076613
0 0.829032 0.220968 0.024194 0.024194
0 0.840323 0.277016 0.103226 0.095968
0 0.957661 0.648387 0.062097 0.079032
0 0.021371 0.822177 0.042742 0.065323
0 0.851210 0.864919 0.108871 0.055645
0 0.162097 0.753629 0.011290 0.012097
0 0.207661 0.723790 0.012097 0.016935
0 0.178226 0.738306 0.012903 0.012097
0 0.144355 0.728226 0.032258 0.033871
0 0.204435 0.782661 0.049194 0.044355
0 0.060887 0.310887 0.023387 0.028226
0 0.031855 0.285081 0.042742 0.037903
0 0.308468 0.937500 0.050806 0.073387
0 0.705242 0.726210 0.036290 0.060484
