0 0.050403 0.737903 0.100806 0.135484
0 0.131855 0.906452 0.113710 0.106452
0 0.304032 0.741129 0.058065 0.074194
0 0.494355 0.768952 0.116129 0.152419
0 0.552419 0.982258 0.103226 0.035484
0 0.428629 0.842339 0.113710 0.045968
0 0.002823 0.456048 0.005645 0.042742
0 0.157661 0.482661 0.244355 0.168548
0 0.456048 0.494355 0.075000 0.103226
0 0.326613 0.206855 0.233871 0.263710
0 0.709677 0.434274 0.111290 0.104032
0 0.165323 0.125403 0.082258 0.068548
0 0.097984 0.306855 0.054032 0.054032
0 0.666935 0.662097 0.037097 0.067742
0 0.718952 0.783871 0.045968 0.072581
0 0.647984 0.093548 0.016935 0.017742
0 0.678226 0.123387 0.079032 0.082258
0 0.892742 0.753226 0.037097 0.059677
0 0.805645 0.741935 0.074194 0.080645
0 0.895565 0.672177 0.099194 0.097581
0 0.908871 0.467742 0.061290 0.061290
0 0.923790 0.548790 0.086290 0.070161
0 0.872984 0.227823 0.054032 0.073387
