0 0.400806 0.911694 0.100000 0.086290
0 0.471371 0.868548 0.031452 0.029032
0 0.820161 0.994758 0.020968 0.010484
0 0.880645 0.966935 0.022581 0.022581
0 0.881048 0.991129 0.042742 0.017742
0 0.880242 0.900000 0.031452 0.075806
0 0.825000 0.796774 0.020968 0.027419
0 0.800806 0.854032 0.024194 0.019355
0 0.615726 0.839516 0.033065 0.032258
0 0.488710 0.670161 0.035484 0.032258
0 0.467742 0.703629 0.037097 0.034677
0 0.582258 0.700403 0.025806 0.015323
0 0.795968 0.732258 0.024194 0.022581
0 0.648790 0.767742 0.036290 0.030645
0 0.159677 0.939113 0.093548 0.078226
0 0.172984 0.834677 0.039516 0.075806
0 0.246371 0.715323 0.054032 0.037097
0 0.503629 0.426210 0.054032 0.083065
0 0.079435 0.187500 0.029839 0.025000
0 0.196774 0.191532 0.050000 0.047581
0 0.362097 0.250403 0.050000 0.083065
0 0.266935 0.881855 0.024194 0.026613
0 0.360887 0.159274 0.037903 0.041129
0 0.729032 0.289516 0.087097 0.061290
0 0.897984 0.295565 0.055645 0.052419
0 0.962500 0.287500 0.060484 0.076613
0 0.583065 0.242742 0.056452 0.041935
0 0.654032 0.131452 0.050000 0.048387
0 0.486694 0.068145 0.037903 0.058871
0 0.584677 0.058468 0.032258 0.026613
0 0.776210 0.227419 0.029839 0.053226
0 0.440726 0.159274 0.033065 0.036290
0 0.514516 0.518952 0.027419 0.049194
0 0.038306 0.510887 0.076613 0.045968
