0 0.764516 0.589919 0.120968 0.091129
0 0.924194 0.673387 0.151613 0.116129
0 0.172581 0.903226 0.040323 0.038710
0 0.212097 0.924194 0.051613 0.041935
0 0.220565 0.853629 0.050806 0.076613
0 0.152016 0.921774 0.029839 0.037097
0 0.786290 0.763306 0.072581 0.095968
0 0.187500 0.650000 0.083065 0.109677
0 0.375806 0.499194 0.020968 0.019355
0 0.400403 0.557661 0.057258 0.121774
0 0.518145 0.580242 0.025000 0.026613
0 0.508468 0.525000 0.037903 0.051613
0 0.687097 0.235484 0.022581 0.029032
0 0.730645 0.213710 0.058065 0.035484
0 0.686694 0.304032 0.100806 0.096774
0 0.709677 0.389516 0.106452 0.100000
0 0.342742 0.249597 0.035484 0.031452
0 0.401613 0.283065 0.095161 0.130645
0 0.229032 0.309274 0.033871 0.050806
0 0.185887 0.211290 0.073387 0.050000
0 0.859274 0.222984 0.066935 0.097581
0 0.808065 0.050000 0.033871 0.050000
0 0.865323 0.035484 0.095161 0.070968
0 0.652419 0.059677 0.074194 0.053226
0 0.485484 0.104839 0.027419 0.038710
