0 0.033871 0.313710 0.067742 0.096774
0 0.252419 0.349597 0.195161 0.160484
0 0.431452 0.293145 0.095161 0.097581
0 0.186290 0.492339 0.148387 0.154032
0 0.111694 0.898790 0.139516 0.202419
0 0.241532 0.800806 0.070161 0.070968
0 0.447581 0.772177 0.111290 0.100806
0 0.531855 0.665726 0.118548 0.131452
0 0.817742 0.668548 0.066129 0.096774
0 0.839113 0.854032 0.105645 0.103226
0 0.494758 0.279839 0.029839 0.043548
0 0.525806 0.348790 0.041935 0.044355
0 0.400403 0.187500 0.028226 0.029839
0 0.165323 0.168145 0.040323 0.028226
0 0.166532 0.252419 0.049194 0.051613
0 0.619758 0.192742 0.029839 0.053226
0 0.904839 0.165323 0.022581 0.035484
