0 0.558065 0.552419 0.080645 0.125806
0 0.767339 0.521774 0.086290 0.074194
0 0.699597 0.616935 0.108871 0.138710
0 0.837500 0.641129 0.144355 0.093548
0 0.590323 0.847984 0.051613 0.033065
0 0.592742 0.981855 0.046774 0.036290
0 0.584274 0.912903 0.068548 0.054839
0 0.812097 0.925403 0.077419 0.092742
0 0.931452 0.903226 0.137097 0.193548
0 0.990323 0.715726 0.019355 0.075000
0 0.941935 0.738306 0.079032 0.078226
0 0.944355 0.488710 0.111290 0.108065
0 0.777419 0.268952 0.164516 0.094355
0 0.573790 0.308871 0.049194 0.050000
0 0.643548 0.302016 0.083871 0.065323
0 0.484274 0.337500 0.034677 0.036290
0 0.471774 0.360484 0.045161 0.045161
0 0.399597 0.357661 0.045968 0.058871
0 0.438710 0.404839 0.075806 0.066129
0 0.219758 0.130645 0.049194 0.022581
0 0.335887 0.054839 0.045968 0.050000
0 0.266935 0.081452 0.079032 0.079032
0 0.740726 0.141935 0.052419 0.111290
