0 0.068548 0.127823 0.137097 0.137903
0 0.159677 0.235887 0.054839 0.049194
0 0.086694 0.224597 0.099194 0.071774
0 0.152016 0.369355 0.107258 0.125806
0 0.442339 0.535081 0.091129 0.086290
0 0.410081 0.356452 0.373387 0.332258
0 0.438710 0.110887 0.127419 0.115323
0 0.205645 0.146371 0.079032 0.076613
0 0.779435 0.037097 0.120161 0.074194
0 0.025000 0.664113 0.050000 0.112097
0 0.566532 0.016532 0.028226 0.033065
0 0.618548 0.074194 0.033871 0.038710
0 0.654435 0.112097 0.037903 0.022581
0 0.682661 0.003629 0.018548 0.007258
