0 0.073790 0.031048 0.147581 0.062097
0 0.377016 0.018145 0.100806 0.036290
0 0.719355 0.004435 0.048387 0.008871
0 0.600403 0.017742 0.062097 0.035484
0 0.691935 0.091129 0.045161 0.053226
0 0.724597 0.048387 0.070161 0.043548
0 0.378226 0.113306 0.116129 0.118548
0 0.182661 0.208468 0.142742 0.105645
0 0.062097 0.365726 0.103226 0.097581
0 0.733871 0.534677 0.082258 0.129032
0 0.832258 0.668548 0.074194 0.069355
0 0.812500 0.720161 0.173387 0.127419
0 0.329032 0.331855 0.037097 0.031452
0 0.355242 0.242742 0.099194 0.114516
0 0.475000 0.423387 0.046774 0.056452
0 0.516532 0.332258 0.089516 0.150000
0 0.462097 0.234274 0.046774 0.037903
0 0.145968 0.516532 0.070968 0.105645
0 0.626210 0.356452 0.028226 0.030645
0 0.599194 0.309677 0.041935 0.035484
0 0.592339 0.408065 0.062097 0.056452
0 0.238306 0.399597 0.013710 0.031452
0 0.250403 0.360484 0.086290 0.059677
