0 0.012500 0.584274 0.025000 0.079839
0 0.133468 0.673387 0.170161 0.116129
0 0.501210 0.699597 0.075000 0.075000
0 0.443952 0.739113 0.063710 0.105645
0 0.363306 0.872581 0.068548 0.051613
0 0.389113 0.826210 0.029839 0.034677
0 0.011290 0.760081 0.022581 0.083065
0 0.766532 0.712903 0.050806 0.069355
0 0.681048 0.717742 0.099194 0.079032
0 0.842742 0.697177 0.011290 0.025000
0 0.821371 0.697984 0.026613 0.039516
0 0.821774 0.789919 0.080645 0.066935
0 0.927823 0.746371 0.028226 0.049194
0 0.965726 0.722581 0.054032 0.056452
0 0.059274 0.222984 0.066935 0.097581
0 0.442742 0.366129 0.067742 0.053226
0 0.451210 0.316129 0.071774 0.041935
0 0.374597 0.156048 0.121774 0.063710
0 0.631855 0.391935 0.031452 0.029032
0 0.663710 0.406855 0.040323 0.034677
0 0.720968 0.381855 0.041935 0.063710
0 0.477823 0.445565 0.058871 0.034677
0 0.660484 0.487097 0.014516 0.008065
0 0.654839 0.461290 0.022581 0.019355
0 0.700000 0.486290 0.043548 0.033871
0 0.623387 0.492742 0.025806 0.029032
0 0.647581 0.577016 0.019355 0.012097
0 0.635887 0.545968 0.029839 0.045161
0 0.012500 0.050000 0.025000 0.050000
0 0.065323 0.035484 0.095161 0.070968
0 0.687903 0.309274 0.032258 0.021774
0 0.591532 0.053226 0.045968 0.030645
0 0.642339 0.015323 0.052419 0.030645
