0 0.428226 0.406855 0.046774 0.045968
0 0.486290 0.545968 0.043548 0.053226
0 0.623387 0.362500 0.051613 0.054032
0 0.233871 0.878629 0.045161 0.029839
0 0.046774 0.914919 0.053226 0.045968
0 0.007661 0.766532 0.015323 0.037903
0 0.497984 0.849597 0.047581 0.028226
0 0.183468 0.099194 0.039516 0.037097
0 0.655242 0.091935 0.028226 0.025806
0 0.584274 0.091532 0.036290 0.031452
0 0.420968 0.143952 0.025806 0.026613
0 0.532661 0.249194 0.060484 0.053226
0 0.627823 0.161694 0.029839 0.052419
0 0.549597 0.182661 0.054032 0.039516
0 0.509274 0.079032 0.039516 0.030645
0 0.464113 0.068145 0.018548 0.020161
0 0.448790 0.117742 0.023387 0.033871
0 0.700000 0.216129 0.100000 0.061290
0 0.758065 0.262097 0.035484 0.029032
0 0.269355 0.451210 0.038710 0.037903
0 0.298387 0.418548 0.029032 0.025806
0 0.153629 0.493548 0.026613 0.024194
0 0.196774 0.626210 0.016129 0.016935
0 0.227419 0.654435 0.025806 0.018548
0 0.213306 0.672581 0.015323 0.014516
0 0.164919 0.721774 0.018548 0.016129
0 0.163710 0.744355 0.027419 0.017742
0 0.304435 0.687500 0.021774 0.021774
0 0.375000 0.426210 0.053226 0.073387
0 0.309677 0.474597 0.062903 0.058871
0 0.410081 0.484677 0.050806 0.050000
0 0.364919 0.523387 0.037903 0.024194
0 0.333468 0.516129 0.018548 0.016129
0 0.085484 0.510887 0.024194 0.031452
0 0.076613 0.577419 0.022581 0.014516
0 0.084274 0.596774 0.016935 0.014516
0 0.087903 0.547984 0.019355 0.029839
0 0.422177 0.665323 0.020161 0.030645
0 0.460081 0.664919 0.023387 0.023387
0 0.458468 0.445968 0.045968 0.038710
0 0.468952 0.479032 0.023387 0.043548
0 0.436694 0.533468 0.042742 0.021774
0 0.350806 0.579839 0.025806 0.027419
0 0.327419 0.562903 0.054839 0.038710
0 0.303629 0.549597 0.037903 0.052419
0 0.246774 0.573387 0.014516 0.009677
0 0.216532 0.576210 0.015323 0.015323
0 0.232258 0.566532 0.016129 0.026613
0 0.204435 0.601210 0.016935 0.034677
0 0.150806 0.536290 0.046774 0.040323
0 0.002419 0.411290 0.004839 0.019355
0 0.061290 0.337097 0.041935 0.030645
0 0.779032 0.715726 0.043548 0.070161
0 0.672984 0.628226 0.039516 0.046774
0 0.306452 0.979435 0.025806 0.021774
0 0.482661 0.352016 0.058871 0.058871
0 0.163306 0.151210 0.020161 0.020161
0 0.256855 0.120968 0.016935 0.020968
0 0.207661 0.192339 0.020161 0.033065
0 0.364113 0.272177 0.023387 0.025000
0 0.216532 0.385484 0.026613 0.043548
0 0.654435 0.591532 0.021774 0.018548
0 0.440323 0.332258 0.030645 0.022581
0 0.472177 0.295161 0.028226 0.038710
0 0.810081 0.454032 0.023387 0.029032
