0 0.201210 0.853226 0.141129 0.151613
0 0.045968 0.550806 0.091935 0.156452
0 0.210081 0.513710 0.073387 0.088710
0 0.463710 0.734274 0.114516 0.083065
0 0.241935 0.142339 0.122581 0.178226
0 0.300806 0.032258 0.175806 0.064516
0 0.091532 0.062903 0.183065 0.125806
0 0.889516 0.036694 0.051613 0.073387
0 0.716935 0.406855 0.035484 0.062097
0 0.827419 0.953226 0.104839 0.093548
0 0.873790 0.887500 0.034677 0.036290
0 0.944758 0.953226 0.066935 0.088710
0 0.977419 0.023790 0.045161 0.047581
0 0.516935 0.253629 0.050000 0.047581
