0 0.104435 0.923387 0.115323 0.120968
0 0.568548 0.944355 0.122581 0.111290
0 0.430645 0.904839 0.137097 0.077419
0 0.212903 0.730645 0.114516 0.133871
0 0.064113 0.647984 0.041129 0.042742
0 0.019355 0.664516 0.038710 0.103226
0 0.109677 0.431855 0.088710 0.115323
0 0.983468 0.525000 0.033065 0.067742
0 0.896774 0.010484 0.056452 0.020968
0 0.677016 0.014113 0.092742 0.028226
0 0.419355 0.341532 0.077419 0.137903
0 0.144758 0.178629 0.189516 0.071774
0 0.267742 0.105645 0.120968 0.069355
0 0.374194 0.072581 0.048387 0.079032
0 0.414113 0.136290 0.058871 0.053226
0 0.514113 0.223790 0.034677 0.054032
0 0.644355 0.258065 0.048387 0.045161
0 0.041532 0.068145 0.049194 0.033065
0 0.627419 0.081452 0.050000 0.064516
0 0.772177 0.083871 0.034677 0.038710
