0 0.853629 0.984274 0.047581 0.031452
0 0.046774 0.375403 0.093548 0.073387
0 0.246371 0.382661 0.076613 0.076613
0 0.397177 0.362903 0.047581 0.037097
0 0.429435 0.289113 0.068548 0.028226
0 0.789919 0.375403 0.068548 0.079839
0 0.606855 0.314919 0.047581 0.042742
0 0.667742 0.165323 0.070968 0.058065
0 0.743145 0.047177 0.066935 0.094355
0 0.894758 0.047581 0.071774 0.095161
0 0.873790 0.158871 0.044355 0.074194
0 0.898387 0.106048 0.090323 0.068548
0 0.937500 0.559677 0.055645 0.050000
0 0.992339 0.580645 0.015323 0.033871
0 0.961694 0.478226 0.057258 0.083871
0 0.633065 0.543952 0.041935 0.033065
0 0.865323 0.307661 0.043548 0.026613
0 0.933468 0.330242 0.031452 0.018548
