0 0.091532 0.495968 0.183065 0.132258
0 0.788710 0.964113 0.095161 0.071774
0 0.582661 0.974194 0.110484 0.051613
0 0.719758 0.833871 0.094355 0.085484
0 0.344758 0.847177 0.142742 0.242742
0 0.304435 0.676613 0.179839 0.106452
0 0.471774 0.077823 0.074194 0.070161
0 0.125403 0.942742 0.076613 0.069355
0 0.152823 0.894758 0.075000 0.034677
0 0.260887 0.854839 0.026613 0.029032
0 0.161290 0.685081 0.096774 0.058871
0 0.486290 0.831855 0.029032 0.058871
0 0.564113 0.795161 0.037903 0.025806
0 0.485887 0.791532 0.026613 0.020161
0 0.727016 0.382258 0.049194 0.038710
0 0.687903 0.316532 0.045161 0.037903
0 0.797984 0.318548 0.044355 0.030645
0 0.774597 0.396774 0.057258 0.045161
0 0.449597 0.235887 0.033065 0.042742
0 0.633065 0.312903 0.037097 0.033871
0 0.477419 0.452016 0.066129 0.065323
0 0.368145 0.254032 0.028226 0.029032
0 0.389919 0.228629 0.028226 0.033065
