0 0.135484 0.878629 0.053226 0.052419
0 0.266532 0.662500 0.125000 0.091129
0 0.201613 0.539516 0.093548 0.082258
0 0.068952 0.419355 0.033065 0.022581
0 0.570565 0.154839 0.058871 0.033871
0 0.933065 0.944758 0.054839 0.041129
0 0.850000 0.919758 0.046774 0.028226
0 0.844355 0.856855 0.058065 0.057258
0 0.885081 0.737500 0.045968 0.045968
0 0.968952 0.529435 0.062097 0.081452
0 0.792742 0.451613 0.025806 0.040323
0 0.849597 0.597984 0.083065 0.070161
0 0.747984 0.584274 0.099194 0.057258
0 0.802823 0.677419 0.047581 0.027419
0 0.557661 0.616129 0.052419 0.040323
0 0.441129 0.207258 0.048387 0.030645
0 0.400806 0.300806 0.027419 0.032258
0 0.433871 0.266935 0.032258 0.032258
0 0.472984 0.256855 0.033065 0.031452
0 0.539516 0.219355 0.037097 0.030645
0 0.550000 0.332258 0.029032 0.030645
0 0.504839 0.493548 0.029032 0.025806
0 0.603226 0.380645 0.029032 0.024194
0 0.597177 0.491935 0.052419 0.106452
0 0.648387 0.522984 0.024194 0.052419
0 0.735887 0.840323 0.023387 0.017742
0 0.613306 0.970161 0.049194 0.020968
0 0.004839 0.287500 0.009677 0.016935
