0 0.401613 0.055242 0.150000 0.110484
0 0.614516 0.138306 0.083871 0.083065
0 0.035081 0.375000 0.070161 0.170968
0 0.450806 0.492742 0.066129 0.056452
0 0.577016 0.516532 0.084677 0.086290
0 0.395565 0.544758 0.092742 0.066935
0 0.496774 0.713306 0.117742 0.131452
0 0.427016 0.659677 0.042742 0.045161
0 0.494758 0.714113 0.108871 0.126613
0 0.292339 0.722984 0.041129 0.091129
0 0.354839 0.770161 0.041935 0.046774
0 0.081048 0.729032 0.047581 0.050000
0 0.079435 0.791935 0.039516 0.037097
0 0.916532 0.522177 0.123387 0.105645
0 0.959677 0.340726 0.054839 0.094355
0 0.785081 0.974597 0.086290 0.047581
0 0.457258 0.572984 0.067742 0.081452
0 0.263710 0.658468 0.043548 0.037903
0 0.291935 0.721774 0.041935 0.091935
