0 0.601210 0.540726 0.089516 0.118548
0 0.710484 0.548387 0.091935 0.091935
0 0.264919 0.522177 0.123387 0.105645
0 0.308065 0.340726 0.054839 0.094355
0 0.931855 0.565726 0.136290 0.068548
0 0.598387 0.410081 0.074194 0.104032
0 0.504839 0.420968 0.059677 0.058065
0 0.652016 0.631048 0.084677 0.086290
0 0.823790 0.606855 0.076613 0.065323
0 0.796371 0.483065 0.079839 0.066129
0 0.962500 0.340323 0.066935 0.070968
0 0.467339 0.752419 0.049194 0.046774
0 0.431452 0.719355 0.138710 0.175806
0 0.833065 0.890726 0.133871 0.104032
0 0.568952 0.787903 0.041129 0.050000
0 0.621774 0.780242 0.024194 0.031452
0 0.133468 0.974597 0.086290 0.047581
0 0.700806 0.078629 0.272581 0.120161
