0 0.987097 0.847984 0.025806 0.057258
0 0.738710 0.840323 0.067742 0.072581
0 0.846371 0.940323 0.055645 0.037097
0 0.893952 0.910887 0.087903 0.058871
0 0.919728 0.880645 0.036230 0.040323
0 0.885887 0.774194 0.023387 0.025806
0 0.816129 0.842339 0.053226 0.037903
0 0.596371 0.903226 0.034677 0.046774
0 0.415323 0.616532 0.022581 0.016935
0 0.471774 0.580242 0.024194 0.007258
0 0.469758 0.546774 0.020161 0.019355
0 0.383871 0.613710 0.053226 0.038710
0 0.338306 0.495968 0.020161 0.014516
0 0.285484 0.469758 0.009677 0.010484
0 0.345161 0.541129 0.019355 0.017742
0 0.374194 0.566129 0.029032 0.051613
0 0.335887 0.510081 0.015323 0.013710
0 0.278629 0.402823 0.012097 0.012097
0 0.347177 0.435887 0.007258 0.007258
0 0.352419 0.427823 0.008065 0.005645
0 0.369355 0.423387 0.009677 0.009677
0 0.378226 0.259677 0.019355 0.019355
0 0.398387 0.246774 0.032258 0.030645
0 0.253629 0.229839 0.023387 0.019355
0 0.272177 0.237903 0.020161 0.014516
0 0.106855 0.127419 0.036290 0.032258
0 0.188710 0.139919 0.011290 0.012097
0 0.177419 0.146371 0.009677 0.012097
0 0.159274 0.171774 0.012097 0.019355
0 0.234274 0.125000 0.023387 0.020968
0 0.184677 0.266935 0.006452 0.011290
0 0.207661 0.256452 0.007258 0.008065
0 0.199597 0.262500 0.005645 0.007258
0 0.252419 0.279839 0.014516 0.012903
0 0.325000 0.160484 0.020968 0.019355
0 0.291935 0.083065 0.016129 0.014516
0 0.096371 0.624597 0.063710 0.045968
0 0.026613 0.929839 0.053226 0.058065
0 0.252823 0.935484 0.018548 0.016129
0 0.461694 0.397177 0.028226 0.031452
0 0.392339 0.120565 0.026613 0.012097
0 0.393952 0.063306 0.008871 0.012097
0 0.314919 0.044355 0.020161 0.032258
0 0.286694 0.016532 0.045968 0.033065
0 0.458871 0.045161 0.038710 0.027419
0 0.440323 0.068548 0.020968 0.022581
0 0.543952 0.086290 0.041129 0.032258
0 0.644355 0.102823 0.022581 0.025000
0 0.630242 0.081855 0.028226 0.026613
0 0.610484 0.108065 0.041935 0.029032
0 0.498790 0.208871 0.037903 0.037097
0 0.460081 0.666532 0.020161 0.023387
0 0.600000 0.543952 0.019355 0.028226
0 0.549194 0.538710 0.017742 0.022581
0 0.509677 0.502823 0.009677 0.013710
0 0.546371 0.434677 0.012097 0.011290
0 0.639516 0.401613 0.064516 0.070968
0 0.581048 0.250403 0.020161 0.020161
0 0.568145 0.125000 0.013710 0.009677
0 0.604435 0.682258 0.021774 0.020968
0 0.700000 0.144758 0.046774 0.033065
0 0.668145 0.012903 0.058871 0.025806
0 0.964113 0.727419 0.045968 0.048387
0 0.893952 0.708468 0.026613 0.031452
0 0.931855 0.603226 0.066935 0.075806
0 0.929839 0.652419 0.022581 0.014516
0 0.962097 0.576613 0.058065 0.093548
0 0.921371 0.476613 0.052419 0.051613
0 0.975403 0.483468 0.049194 0.044355
0 0.856452 0.413306 0.038710 0.025000
0 0.818145 0.501210 0.025000 0.026613
0 0.943952 0.188710 0.112097 0.053226
0 0.852419 0.201613 0.016129 0.019355
0 0.846371 0.228629 0.020161 0.020161
0 0.860081 0.062097 0.034677 0.035484
0 0.947984 0.010484 0.033065 0.020968
0 0.976210 0.016129 0.029839 0.025806
