0 0.045565 0.772581 0.020161 0.019355
0 0.088306 0.792742 0.073387 0.056452
0 0.070565 0.735484 0.052419 0.045161
0 0.018145 0.750000 0.036290 0.053226
0 0.697581 0.677823 0.098387 0.083065
0 0.757661 0.757258 0.079839 0.098387
0 0.822581 0.718952 0.077419 0.089516
0 0.950806 0.799194 0.043548 0.056452
0 0.979839 0.158871 0.040323 0.045161
0 0.667742 0.371774 0.077419 0.070968
0 0.610484 0.443145 0.041935 0.062097
0 0.591532 0.195565 0.034677 0.045968
0 0.671371 0.175000 0.045968 0.045161
0 0.756048 0.270161 0.041129 0.061290
0 0.874597 0.321371 0.076613 0.099194
0 0.242742 0.039919 0.177419 0.079839
