0 0.378226 0.898387 0.019355 0.019355
0 0.398387 0.885484 0.032258 0.030645
0 0.253629 0.868548 0.023387 0.019355
0 0.272177 0.876613 0.020161 0.014516
0 0.254839 0.585484 0.053226 0.061290
0 0.243548 0.628226 0.058065 0.035484
0 0.094758 0.570161 0.055645 0.032258
0 0.266532 0.329032 0.037903 0.037097
0 0.321371 0.348790 0.036290 0.026613
0 0.224597 0.436694 0.028226 0.025000
0 0.070565 0.474194 0.018548 0.020968
0 0.106855 0.766129 0.036290 0.032258
0 0.188710 0.778629 0.011290 0.012097
0 0.177419 0.785081 0.009677 0.012097
0 0.159274 0.810484 0.012097 0.019355
0 0.234274 0.763710 0.023387 0.020968
0 0.184677 0.905645 0.006452 0.011290
0 0.207661 0.895161 0.007258 0.008065
0 0.199597 0.901210 0.005645 0.007258
0 0.252419 0.918548 0.014516 0.012903
0 0.325000 0.799194 0.020968 0.019355
0 0.291935 0.721774 0.016129 0.014516
0 0.392339 0.759274 0.026613 0.012097
0 0.393952 0.702016 0.008871 0.012097
0 0.314919 0.683065 0.020161 0.032258
0 0.286694 0.654435 0.045968 0.034677
0 0.458871 0.683871 0.038710 0.027419
0 0.440323 0.707258 0.020968 0.022581
0 0.543952 0.725000 0.041129 0.032258
0 0.477823 0.366935 0.028226 0.016129
0 0.402823 0.262097 0.016935 0.019355
0 0.411694 0.358065 0.018548 0.017742
0 0.385887 0.297177 0.026613 0.026613
0 0.644355 0.741532 0.022581 0.025000
0 0.630242 0.720565 0.028226 0.026613
0 0.610484 0.746774 0.041935 0.029032
0 0.498790 0.847581 0.037903 0.037097
0 0.581048 0.889113 0.020161 0.020161
0 0.568145 0.763710 0.013710 0.009677
0 0.700000 0.783468 0.046774 0.033065
0 0.668145 0.643952 0.058871 0.041129
0 0.739113 0.545161 0.049194 0.041935
0 0.653226 0.381048 0.024194 0.013710
0 0.574194 0.427823 0.045161 0.037903
0 0.462903 0.426210 0.051613 0.041129
0 0.481452 0.550000 0.067742 0.032258
0 0.533468 0.583871 0.036290 0.032258
0 0.943952 0.827419 0.112097 0.053226
0 0.852419 0.840323 0.016129 0.019355
0 0.846371 0.867339 0.020161 0.020161
0 0.860081 0.700806 0.034677 0.035484
0 0.948790 0.645968 0.034677 0.027419
0 0.976210 0.654839 0.029839 0.025806
0 0.927016 0.254435 0.042742 0.078226
0 0.970565 0.291935 0.036290 0.025806
0 0.985484 0.268952 0.029032 0.021774
0 0.970161 0.169758 0.020968 0.018548
0 0.959677 0.081048 0.050000 0.057258
0 0.994355 0.588306 0.011290 0.015323
0 0.550403 0.002419 0.012097 0.004839
0 0.585081 0.010484 0.023387 0.020968
0 0.596774 0.056855 0.038710 0.039516
0 0.639516 0.096371 0.040323 0.049194
0 0.697581 0.192742 0.025806 0.046774
0 0.789516 0.217339 0.079032 0.079839
0 0.728226 0.466532 0.038710 0.037903
0 0.793548 0.463306 0.024194 0.036290
0 0.831855 0.474194 0.026613 0.030645
0 0.793952 0.497177 0.034677 0.018548
