0 0.094355 0.155645 0.162903 0.124194
0 0.063306 0.406048 0.065323 0.078226
0 0.296371 0.412500 0.042742 0.065323
0 0.187097 0.644758 0.048387 0.044355
0 0.183468 0.727016 0.049194 0.039516
0 0.118145 0.738710 0.054032 0.043548
0 0.745565 0.959274 0.102419 0.081452
0 0.624597 0.825403 0.233065 0.281452
0 0.915726 0.813306 0.073387 0.034677
0 0.379839 0.759274 0.067742 0.094355
0 0.956855 0.552016 0.021774 0.039516
0 0.164113 0.988306 0.050806 0.023387
0 0.022984 0.902016 0.045968 0.041129
0 0.047581 0.468145 0.025806 0.023387
0 0.185081 0.440323 0.036290 0.024194
0 0.125000 0.514113 0.101613 0.049194
0 0.062903 0.518548 0.022581 0.032258
0 0.014516 0.771774 0.019355 0.037097
0 0.481855 0.623790 0.068548 0.104032
0 0.466129 0.687097 0.032258 0.054839
0 0.408065 0.688710 0.040323 0.046774
0 0.368952 0.670968 0.041129 0.040323
0 0.352016 0.635081 0.026613 0.029839
0 0.381048 0.584274 0.047581 0.028226
0 0.322177 0.692742 0.039516 0.048387
0 0.168548 0.363710 0.017742 0.019355
0 0.136694 0.352419 0.020161 0.016129
0 0.319758 0.021371 0.023387 0.026613
0 0.625000 0.627419 0.022581 0.016129
0 0.598790 0.675403 0.031452 0.021774
0 0.624597 0.691129 0.018548 0.017742
