0 0.912903 0.592742 0.019355 0.017742
0 0.893145 0.564516 0.012097 0.008065
0 0.211290 0.302016 0.283871 0.355645
0 0.667339 0.747984 0.281452 0.339516
0 0.933468 0.249194 0.008871 0.017742
0 0.881855 0.385484 0.004032 0.008065
0 0.877823 0.329435 0.244355 0.181452
0 0.888306 0.581452 0.223387 0.238710
0 0.368145 0.544355 0.271774 0.327419
0 0.497177 0.910081 0.234677 0.179839
0 0.515323 0.644758 0.077419 0.086290
0 0.876613 0.386694 0.246774 0.292742
0 0.558871 0.035887 0.230645 0.071774
0 0.332258 0.038710 0.200000 0.077419
0 0.525000 0.084677 0.329032 0.169355
0 0.097581 0.149194 0.188710 0.177419
