0 0.728226 0.965323 0.180645 0.069355
0 0.508468 0.897984 0.158871 0.204032
0 0.063710 0.925403 0.127419 0.149194
0 0.181048 0.679435 0.147581 0.137903
0 0.417742 0.443145 0.203226 0.170161
0 0.197984 0.082661 0.131452 0.165323
0 0.299194 0.204839 0.062903 0.104839
0 0.391935 0.141129 0.080645 0.098387
0 0.495565 0.026613 0.121774 0.053226
0 0.240323 0.082661 0.216129 0.165323
0 0.703226 0.510484 0.220968 0.185484
0 0.871371 0.238306 0.145968 0.120161
0 0.906452 0.522984 0.064516 0.104032
0 0.152419 0.914516 0.045161 0.027419
0 0.197581 0.892742 0.053226 0.064516
0 0.254839 0.828226 0.108065 0.101613
