0 0.675000 0.406452 0.088710 0.138710
0 0.750403 0.381048 0.239516 0.191129
0 0.881048 0.729032 0.047581 0.050000
0 0.879435 0.791935 0.039516 0.037097
0 0.650806 0.883468 0.083871 0.084677
0 0.685484 0.920565 0.243548 0.158871
0 0.577016 0.650403 0.129839 0.179839
0 0.486694 0.520161 0.045968 0.069355
0 0.540726 0.429435 0.134677 0.233065
0 0.673387 0.801210 0.059677 0.050806
0 0.270968 0.604032 0.058065 0.096774
0 0.277016 0.593952 0.070161 0.118548
0 0.322177 0.662500 0.023387 0.033065
0 0.283065 0.593952 0.083871 0.118548
