0 0.250403 0.310887 0.115323 0.102419
0 0.187097 0.264113 0.254839 0.191129
0 0.680242 0.607661 0.341129 0.202419
0 0.295968 0.829435 0.100000 0.145968
0 0.292742 0.624597 0.098387 0.068548
0 0.054032 0.972581 0.066129 0.054839
0 0.193145 0.983871 0.037903 0.032258
0 0.292339 0.685081 0.028226 0.018548
0 0.293952 0.629839 0.104032 0.088710
0 0.109274 0.935484 0.044355 0.035484
0 0.183871 0.954032 0.074194 0.054839
0 0.147984 0.974194 0.050806 0.051613
0 0.106452 0.989516 0.043548 0.020968
0 0.581855 0.763710 0.039516 0.038710
0 0.960081 0.175000 0.079839 0.169355
