0 0.610081 0.791532 0.073387 0.055645
0 0.543548 0.793952 0.058065 0.052419
0 0.751613 0.803629 0.077419 0.083065
0 0.883871 0.495968 0.198387 0.132258
0 0.558468 0.539113 0.081452 0.191129
0 0.395968 0.419355 0.080645 0.072581
0 0.135887 0.402016 0.097581 0.045968
0 0.136290 0.212097 0.111290 0.114516
0 0.153629 0.018145 0.097581 0.036290
0 0.925403 0.942742 0.076613 0.069355
0 0.952823 0.894758 0.075000 0.034677
0 0.956452 0.685081 0.087097 0.058871
0 0.439919 0.250000 0.070161 0.104839
0 0.487097 0.282258 0.032258 0.045161
0 0.547177 0.254032 0.087903 0.056452
0 0.585081 0.311290 0.044355 0.040323
0 0.651210 0.243145 0.107258 0.078226
