0 0.783871 0.645968 0.198387 0.170968
0 0.920565 0.779435 0.073387 0.129839
0 0.428629 0.720565 0.081452 0.112097
0 0.402016 0.825403 0.054032 0.092742
0 0.418548 0.615323 0.058065 0.056452
0 0.580645 0.828629 0.053226 0.047581
0 0.674597 0.782661 0.045968 0.099194
0 0.250403 0.676210 0.039516 0.075000
0 0.150806 0.748387 0.059677 0.030645
0 0.196774 0.882258 0.074194 0.054839
0 0.089113 0.226210 0.065323 0.084677
0 0.254032 0.123387 0.090323 0.106452
0 0.416935 0.221774 0.088710 0.059677
0 0.829032 0.363306 0.124194 0.139516
0 0.618145 0.235887 0.071774 0.049194
0 0.726613 0.273387 0.061290 0.043548
0 0.489113 0.536290 0.062097 0.074194
