0 0.087097 0.986694 0.040323 0.026613
0 0.026210 0.962097 0.045968 0.043548
0 0.288306 0.379435 0.078226 0.034677
0 0.302419 0.312500 0.083871 0.078226
0 0.077419 0.049597 0.074194 0.099194
0 0.392742 0.126210 0.138710 0.141129
0 0.457661 0.104839 0.033065 0.035484
0 0.514113 0.126613 0.097581 0.067742
0 0.571774 0.050000 0.066129 0.091935
0 0.645161 0.012500 0.029032 0.025000
0 0.408065 0.993145 0.046774 0.013710
0 0.292339 0.220161 0.062097 0.100000
0 0.252419 0.062500 0.090323 0.125000
0 0.155242 0.109274 0.034677 0.042742
0 0.415323 0.468952 0.070968 0.068548
0 0.398790 0.561694 0.060484 0.047581
0 0.485887 0.508871 0.033065 0.033871
0 0.506855 0.545968 0.060484 0.056452
0 0.935887 0.402016 0.097581 0.045968
0 0.936290 0.212097 0.111290 0.114516
0 0.952419 0.018145 0.095161 0.036290
0 0.757258 0.891935 0.111290 0.062903
0 0.631048 0.275806 0.100806 0.088710
