0 0.115726 0.813306 0.073387 0.034677
0 0.612500 0.081855 0.137903 0.163710
0 0.892339 0.285887 0.075000 0.086290
0 0.953226 0.408065 0.019355 0.027419
0 0.947984 0.442742 0.034677 0.035484
0 0.968952 0.466532 0.062097 0.125000
0 0.765323 0.747177 0.153226 0.166935
0 0.156855 0.552016 0.021774 0.039516
0 0.227016 0.583468 0.020161 0.031452
0 0.277419 0.574597 0.029032 0.050806
0 0.291935 0.539113 0.037097 0.029839
0 0.318548 0.577016 0.037097 0.034677
0 0.398790 0.609274 0.037903 0.033065
0 0.426613 0.367742 0.038710 0.048387
0 0.305242 0.150403 0.020161 0.023387
0 0.378226 0.197581 0.025806 0.030645
0 0.379032 0.227419 0.019355 0.022581
0 0.450403 0.284677 0.026613 0.029032
0 0.528226 0.297581 0.030645 0.048387
0 0.486290 0.349194 0.024194 0.046774
0 0.515323 0.351210 0.008065 0.015323
0 0.531855 0.350806 0.013710 0.017742
0 0.625403 0.284677 0.070161 0.093548
0 0.456855 0.888710 0.037903 0.040323
0 0.371371 0.895161 0.065323 0.046774
