0 0.040323 0.495565 0.033871 0.023387
0 0.097984 0.289113 0.023387 0.021774
0 0.008871 0.259274 0.017742 0.020161
0 0.031452 0.249597 0.033871 0.029839
0 0.069355 0.416935 0.045161 0.046774
0 0.113710 0.312500 0.029032 0.029839
0 0.116129 0.345968 0.022581 0.017742
0 0.085081 0.333065 0.012097 0.012903
0 0.050806 0.287500 0.017742 0.018548
0 0.030645 0.302419 0.008065 0.011290
0 0.095565 0.184274 0.018548 0.018548
0 0.099597 0.209677 0.070161 0.033871
0 0.043548 0.561694 0.059677 0.042742
0 0.142742 0.614516 0.020968 0.027419
0 0.092742 0.758468 0.030645 0.023387
0 0.008871 0.891935 0.017742 0.025806
0 0.034677 0.992742 0.035484 0.014516
