0 0.676210 0.980242 0.052419 0.039516
0 0.976613 0.889516 0.046774 0.091935
0 0.385081 0.997984 0.013710 0.004032
0 0.207661 0.847177 0.066935 0.058871
0 0.046371 0.940323 0.055645 0.037097
0 0.093952 0.910887 0.087903 0.058871
0 0.119728 0.880645 0.036230 0.040323
0 0.085887 0.774194 0.023387 0.025806
0 0.021371 0.842339 0.042742 0.037903
0 0.164113 0.727419 0.045968 0.048387
0 0.093952 0.708468 0.026613 0.031452
0 0.131855 0.603226 0.066935 0.075806
0 0.129839 0.652419 0.022581 0.014516
0 0.162097 0.576613 0.058065 0.093548
0 0.121371 0.476613 0.052419 0.051613
0 0.175806 0.483468 0.050000 0.044355
0 0.251613 0.495161 0.027419 0.019355
0 0.224597 0.445968 0.033065 0.030645
0 0.056452 0.413306 0.038710 0.025000
0 0.018145 0.501210 0.025000 0.026613
0 0.308871 0.386290 0.070968 0.040323
0 0.146774 0.188710 0.117742 0.053226
0 0.052419 0.201613 0.016129 0.019355
0 0.046371 0.228629 0.020161 0.020161
0 0.060081 0.062097 0.034677 0.035484
0 0.147984 0.010484 0.033065 0.020968
0 0.176210 0.016129 0.029839 0.025806
0 0.400000 0.163306 0.103226 0.055645
0 0.298387 0.122581 0.032258 0.027419
0 0.459274 0.494758 0.078226 0.050806
0 0.518952 0.511290 0.029839 0.029032
0 0.593548 0.391935 0.040323 0.051613
0 0.419758 0.092339 0.010484 0.018548
0 0.450000 0.116935 0.019355 0.016129
0 0.497984 0.095161 0.013710 0.022581
0 0.540726 0.089113 0.023387 0.021774
0 0.509274 0.200000 0.018548 0.019355
0 0.724194 0.729839 0.053226 0.075806
0 0.706452 0.770968 0.025806 0.038710
0 0.825806 0.770161 0.041935 0.046774
0 0.902823 0.809274 0.050806 0.066935
0 0.830645 0.824194 0.046774 0.046774
0 0.869355 0.852016 0.082258 0.050806
0 0.867339 0.901210 0.039516 0.044355
0 0.935081 0.874194 0.026613 0.022581
0 0.914919 0.903629 0.033065 0.041129
0 0.963306 0.676210 0.073387 0.081452
0 0.765726 0.573790 0.229839 0.102419
0 0.830645 0.391532 0.072581 0.094355
0 0.948387 0.421371 0.087097 0.075000
0 0.785081 0.286694 0.068548 0.045968
0 0.725806 0.437903 0.030645 0.020968
0 0.860484 0.004435 0.020968 0.008871
0 0.964516 0.045968 0.035484 0.029032
0 0.924597 0.068548 0.020161 0.038710
0 0.879435 0.036694 0.042742 0.020161
0 0.898387 0.113710 0.029032 0.038710
0 0.855645 0.139919 0.016129 0.023387
0 0.820161 0.089516 0.046774 0.069355
0 0.862097 0.094355 0.045161 0.067742
