0 0.572581 0.729032 0.108065 0.104839
0 0.630242 0.635484 0.116935 0.111290
0 0.709677 0.475000 0.064516 0.045161
0 0.755242 0.573387 0.068548 0.083871
0 0.668952 0.535484 0.152419 0.088710
0 0.776210 0.462500 0.123387 0.036290
0 0.281452 0.690323 0.064516 0.064516
0 0.380645 0.689113 0.141935 0.062097
0 0.454839 0.752016 0.059677 0.065323
0 0.536290 0.776613 0.062903 0.075806
0 0.162097 0.015726 0.046774 0.031452
0 0.938306 0.941935 0.123387 0.116129
0 0.958065 0.812097 0.083871 0.156452
0 0.371371 0.959677 0.049194 0.080645
