0 0.002016 0.606048 0.004032 0.020161
0 0.061290 0.472984 0.109677 0.097581
0 0.022984 0.383871 0.045968 0.059677
0 0.737903 0.901613 0.161290 0.129032
0 0.570161 0.877823 0.082258 0.073387
0 0.693548 0.764516 0.233871 0.104839
0 0.696774 0.683468 0.143548 0.113710
0 0.723790 0.533468 0.215323 0.144355
0 0.818145 0.622984 0.036290 0.041129
0 0.788710 0.339516 0.095161 0.100000
0 0.412500 0.448387 0.157258 0.103226
0 0.581048 0.363710 0.113710 0.108065
0 0.675000 0.418145 0.119355 0.066935
0 0.719758 0.195161 0.094355 0.085484
0 0.344758 0.208468 0.142742 0.242742
0 0.304435 0.045565 0.179839 0.091129
0 0.138710 0.578226 0.062903 0.070968
0 0.240323 0.670565 0.048387 0.070161
0 0.242339 0.522581 0.087903 0.080645
0 0.125403 0.304032 0.076613 0.069355
0 0.152823 0.256048 0.075000 0.034677
0 0.260887 0.216129 0.026613 0.029032
0 0.161290 0.046371 0.096774 0.058871
0 0.595161 0.493548 0.022581 0.024194
0 0.486290 0.193145 0.029032 0.058871
0 0.564113 0.156452 0.037903 0.025806
0 0.485887 0.152823 0.026613 0.020161
