0 0.341935 0.988306 0.066129 0.023387
0 0.221774 0.972984 0.067742 0.054032
0 0.352016 0.577419 0.100806 0.127419
0 0.788306 0.603629 0.031452 0.033065
0 0.605645 0.594355 0.032258 0.062903
0 0.861290 0.472984 0.109677 0.097581
0 0.635081 0.458871 0.118548 0.087097
0 0.439113 0.697177 0.029839 0.042742
0 0.509677 0.700806 0.062903 0.051613
0 0.484677 0.564516 0.075806 0.074194
0 0.700806 0.403629 0.056452 0.039516
0 0.795565 0.381048 0.100806 0.071774
0 0.610081 0.152823 0.073387 0.055645
0 0.543548 0.155242 0.058065 0.052419
0 0.751613 0.164919 0.077419 0.083065
0 0.118548 0.444355 0.201613 0.156452
0 0.009677 0.544355 0.019355 0.032258
0 0.938710 0.578226 0.062903 0.070968
0 0.925403 0.304032 0.076613 0.069355
0 0.952823 0.256048 0.075000 0.034677
0 0.956452 0.046371 0.087097 0.058871
