0 0.183468 0.899194 0.039516 0.037097
0 0.691935 0.495565 0.033871 0.023387
0 0.525000 0.562097 0.030645 0.029032
0 0.749597 0.289113 0.023387 0.021774
0 0.660484 0.259274 0.017742 0.020161
0 0.683065 0.249597 0.033871 0.029839
0 0.720968 0.416935 0.045161 0.046774
0 0.765323 0.312500 0.029032 0.029839
0 0.767742 0.345968 0.022581 0.017742
0 0.736694 0.333065 0.012097 0.012903
0 0.702419 0.287500 0.017742 0.018548
0 0.682258 0.302419 0.008065 0.011290
0 0.747177 0.184274 0.018548 0.018548
0 0.751210 0.209677 0.070161 0.033871
0 0.591532 0.460081 0.062097 0.042742
0 0.602419 0.422177 0.043548 0.026613
0 0.695161 0.561694 0.059677 0.042742
0 0.794355 0.614516 0.020968 0.027419
0 0.744355 0.758468 0.030645 0.023387
0 0.655242 0.891935 0.028226 0.025806
0 0.584274 0.891532 0.036290 0.031452
0 0.420968 0.943952 0.025806 0.026613
0 0.627823 0.961694 0.029839 0.052419
0 0.549597 0.981452 0.054032 0.037097
0 0.509274 0.879032 0.039516 0.030645
0 0.464113 0.868145 0.018548 0.020161
0 0.448790 0.917742 0.023387 0.033871
0 0.686290 0.992742 0.035484 0.014516
0 0.163306 0.951210 0.020161 0.020161
0 0.256855 0.920968 0.016935 0.020968
0 0.207661 0.987903 0.020161 0.024194
