0 0.107661 0.895968 0.079839 0.077419
0 0.935484 0.878629 0.053226 0.052419
0 0.609677 0.759274 0.088710 0.081452
0 0.977419 0.542742 0.045161 0.075806
0 0.868952 0.419355 0.033065 0.022581
0 0.588306 0.503226 0.049194 0.046774
0 0.577823 0.822581 0.058871 0.038710
0 0.135887 0.077823 0.052419 0.044355
0 0.356452 0.398790 0.091935 0.107258
0 0.248790 0.160484 0.041129 0.041935
0 0.315323 0.596774 0.056452 0.029032
0 0.461290 0.535081 0.045161 0.036290
0 0.006855 0.072581 0.013710 0.035484
0 0.797581 0.287903 0.024194 0.019355
0 0.670968 0.420565 0.024194 0.023387
