0 0.113306 0.590726 0.084677 0.060484
0 0.007258 0.501210 0.014516 0.029839
0 0.208468 0.512500 0.091129 0.166935
0 0.257661 0.222984 0.018548 0.023387
0 0.296774 0.211694 0.011290 0.028226
0 0.325403 0.208065 0.020161 0.024194
0 0.114919 0.280645 0.039516 0.019355
0 0.203629 0.319758 0.060484 0.057258
0 0.272177 0.339113 0.020161 0.029839
0 0.229435 0.383871 0.033065 0.033871
0 0.292339 0.382661 0.042742 0.031452
0 0.274194 0.418548 0.020968 0.025806
0 0.093548 0.408468 0.038710 0.031452
0 0.156048 0.386290 0.036290 0.033871
0 0.329435 0.627016 0.054032 0.060484
0 0.221371 0.697177 0.041129 0.042742
0 0.281452 0.728226 0.070968 0.058065
0 0.019758 0.809274 0.039516 0.029839
0 0.226210 0.853629 0.065323 0.070161
0 0.372177 0.835081 0.031452 0.041129
0 0.335887 0.810081 0.044355 0.050806
0 0.542742 0.380645 0.124194 0.056452
0 0.675806 0.219355 0.087097 0.082258
0 0.911290 0.469758 0.062903 0.039516
0 0.979435 0.636290 0.041129 0.038710
0 0.980645 0.840726 0.022581 0.033065
0 0.862903 0.564516 0.033871 0.033871
0 0.824194 0.595161 0.072581 0.070968
0 0.783065 0.961694 0.054839 0.076613
0 0.672177 0.771371 0.147581 0.050806
0 0.432258 0.268548 0.093548 0.109677
0 0.682258 0.968952 0.135484 0.062097
0 0.699194 0.868952 0.129032 0.086290
0 0.568145 0.714516 0.050806 0.037097
0 0.861290 0.804839 0.069355 0.045161
0 0.826210 0.833065 0.018548 0.016129
0 0.853226 0.843952 0.025806 0.020161
