0 0.150000 0.835887 0.112903 0.065323
0 0.794355 0.631048 0.377419 0.266935
0 0.625403 0.885081 0.158871 0.139516
0 0.477419 0.933871 0.146774 0.132258
0 0.306855 0.935887 0.128226 0.128226
0 0.093548 0.950000 0.154839 0.100000
0 0.536290 0.508871 0.061290 0.051613
0 0.745565 0.176613 0.102419 0.116129
0 0.679435 0.083065 0.123387 0.166129
0 0.915726 0.015323 0.073387 0.030645
0 0.222984 0.770968 0.052419 0.035484
0 0.375000 0.473790 0.043548 0.047581
0 0.358065 0.317742 0.067742 0.041935
0 0.159274 0.203226 0.060484 0.053226
0 0.073387 0.225403 0.050000 0.041129
0 0.022984 0.102016 0.045968 0.041129
0 0.074194 0.323387 0.054839 0.058065
0 0.275000 0.344355 0.046774 0.025806
0 0.235484 0.419355 0.041935 0.035484
0 0.369758 0.398387 0.023387 0.027419
0 0.424597 0.396371 0.021774 0.020161
0 0.197984 0.682258 0.028226 0.027419
0 0.076210 0.660484 0.026613 0.033871
