0 0.111290 0.469758 0.062903 0.039516
0 0.676210 0.386290 0.076613 0.051613
0 0.565323 0.486290 0.079032 0.067742
0 0.281048 0.427016 0.042742 0.047581
0 0.358871 0.531048 0.046774 0.039516
0 0.243548 0.525000 0.103226 0.083871
0 0.629839 0.923387 0.112903 0.080645
0 0.618145 0.511694 0.042742 0.028226
0 0.233065 0.742339 0.037097 0.039516
0 0.195161 0.638306 0.072581 0.042742
0 0.269758 0.759677 0.041129 0.043548
0 0.180645 0.840726 0.022581 0.033065
0 0.289113 0.837097 0.157258 0.091935
0 0.373387 0.925403 0.066129 0.070161
0 0.430242 0.964516 0.044355 0.070968
0 0.062903 0.564516 0.033871 0.033871
0 0.030242 0.595161 0.060484 0.070968
0 0.811694 0.851613 0.054032 0.066129
0 0.422984 0.616129 0.025000 0.032258
0 0.061290 0.804839 0.069355 0.045161
0 0.026210 0.833065 0.018548 0.016129
0 0.053226 0.843952 0.025806 0.020161
0 0.295565 0.724597 0.037903 0.028226
0 0.300000 0.927016 0.064516 0.075000
