0 0.146774 0.827419 0.117742 0.053226
0 0.052419 0.840323 0.016129 0.019355
0 0.046371 0.867339 0.020161 0.020161
0 0.060081 0.700806 0.034677 0.035484
0 0.148790 0.645968 0.034677 0.027419
0 0.176210 0.654839 0.029839 0.025806
0 0.339919 0.439516 0.062097 0.059677
0 0.494355 0.473790 0.050000 0.052419
0 0.509274 0.435887 0.041129 0.033065
0 0.543548 0.354839 0.017742 0.019355
0 0.388710 0.293145 0.051613 0.042742
0 0.436290 0.292742 0.046774 0.029032
0 0.443145 0.257661 0.020161 0.023387
0 0.384677 0.256048 0.077419 0.041129
0 0.337097 0.262097 0.020968 0.037097
0 0.232258 0.303629 0.061290 0.054032
0 0.262903 0.328629 0.041935 0.026613
0 0.274597 0.378629 0.081452 0.071774
0 0.127016 0.254435 0.042742 0.078226
0 0.170565 0.291935 0.036290 0.025806
0 0.188710 0.268952 0.035484 0.021774
0 0.170161 0.169758 0.020968 0.018548
0 0.159677 0.081048 0.050000 0.057258
0 0.266129 0.096774 0.045161 0.066129
0 0.682258 0.188710 0.025806 0.022581
0 0.678629 0.263710 0.044355 0.050000
0 0.556452 0.309274 0.038710 0.033065
0 0.477016 0.362903 0.036290 0.027419
0 0.640323 0.429435 0.025806 0.026613
0 0.400000 0.802016 0.103226 0.055645
0 0.298387 0.761290 0.032258 0.027419
0 0.419758 0.731048 0.010484 0.018548
0 0.450000 0.755645 0.019355 0.016129
0 0.497984 0.733871 0.013710 0.022581
0 0.540726 0.727823 0.023387 0.021774
0 0.509274 0.838710 0.018548 0.019355
0 0.366129 0.570565 0.027419 0.020161
0 0.336694 0.520161 0.036290 0.025806
0 0.279839 0.580242 0.035484 0.029839
0 0.202016 0.585081 0.026613 0.021774
0 0.852419 0.068145 0.096774 0.134677
0 0.955645 0.059677 0.085484 0.119355
0 0.783468 0.097177 0.037903 0.055645
0 0.785081 0.925403 0.068548 0.045968
0 0.712097 0.613306 0.083871 0.039516
0 0.860484 0.637500 0.020968 0.020161
0 0.835484 0.610887 0.012903 0.015323
0 0.964516 0.684677 0.035484 0.029032
0 0.924597 0.707258 0.020161 0.038710
0 0.879435 0.675403 0.042742 0.020161
0 0.898387 0.752419 0.029032 0.038710
0 0.855645 0.778629 0.016129 0.023387
0 0.820161 0.728226 0.046774 0.069355
0 0.862097 0.733065 0.045161 0.067742
0 0.997581 0.633871 0.004839 0.017742
0 0.729839 0.469355 0.043548 0.045161
0 0.692339 0.444355 0.045968 0.035484
0 0.014516 0.233871 0.029032 0.046774
0 0.002823 0.465726 0.005645 0.031452
0 0.031855 0.474194 0.026613 0.030645
0 0.005645 0.496774 0.011290 0.016129
