0 0.978226 0.514516 0.043548 0.088710
0 0.709274 0.716129 0.091129 0.141935
0 0.595161 0.555645 0.085484 0.125806
0 0.500806 0.761694 0.101613 0.120161
0 0.411290 0.625000 0.091935 0.070968
0 0.377823 0.732661 0.086290 0.115323
0 0.326210 0.857258 0.062097 0.066129
0 0.537097 0.892339 0.067742 0.063710
0 0.558065 0.952016 0.083871 0.066935
0 0.628226 0.969758 0.025806 0.033065
0 0.291129 0.972581 0.064516 0.054839
0 0.053629 0.984274 0.047581 0.031452
0 0.791532 0.141129 0.079839 0.093548
0 0.012097 0.372581 0.024194 0.070968
0 0.094758 0.047581 0.071774 0.095161
0 0.073790 0.158871 0.044355 0.074194
0 0.098387 0.106048 0.090323 0.068548
0 0.454032 0.216129 0.048387 0.035484
0 0.420968 0.134677 0.040323 0.043548
0 0.504839 0.116532 0.035484 0.028226
0 0.428226 0.354435 0.048387 0.049194
0 0.413710 0.431855 0.037097 0.029839
0 0.545161 0.369758 0.041935 0.034677
0 0.520565 0.440323 0.037903 0.051613
0 0.559677 0.430645 0.030645 0.033871
0 0.137500 0.559677 0.055645 0.050000
0 0.206048 0.581048 0.042742 0.034677
0 0.161694 0.478226 0.057258 0.083871
0 0.065323 0.307661 0.043548 0.026613
0 0.133468 0.330242 0.031452 0.018548
0 0.335887 0.014113 0.044355 0.028226
