0 0.033065 0.923790 0.066129 0.041129
0 0.034677 0.464113 0.069355 0.075000
0 0.129435 0.613306 0.113710 0.055645
0 0.027419 0.737097 0.054839 0.038710
0 0.380645 0.855242 0.054839 0.081452
0 0.461694 0.946774 0.147581 0.096774
0 0.574194 0.658871 0.061290 0.056452
0 0.636694 0.693952 0.091129 0.112097
0 0.688710 0.747581 0.056452 0.058065
0 0.955242 0.884677 0.036290 0.029032
0 0.418145 0.487903 0.092742 0.088710
0 0.638710 0.415726 0.070968 0.044355
0 0.663306 0.531452 0.028226 0.022581
0 0.671371 0.511694 0.042742 0.025000
0 0.679032 0.472984 0.104839 0.065323
0 0.804839 0.474194 0.040323 0.059677
0 0.822177 0.624597 0.033065 0.020161
