0 0.308065 0.966129 0.054839 0.067742
0 0.962500 0.971774 0.066935 0.056452
0 0.700806 0.717339 0.272581 0.120161
0 0.474597 0.275403 0.065323 0.026613
0 0.865726 0.225806 0.045968 0.048387
0 0.727823 0.276613 0.028226 0.029032
0 0.808468 0.239516 0.073387 0.054839
0 0.811290 0.186290 0.056452 0.035484
0 0.691129 0.256452 0.048387 0.043548
0 0.637500 0.254032 0.044355 0.041935
0 0.655645 0.310484 0.058065 0.058065
0 0.825403 0.102419 0.057258 0.062903
0 0.875403 0.066129 0.070161 0.054839
0 0.734274 0.037903 0.045968 0.051613
0 0.954839 0.028226 0.056452 0.043548
0 0.892339 0.114516 0.054032 0.045161
0 0.782661 0.547984 0.020161 0.016935
0 0.812097 0.544355 0.011290 0.017742
0 0.776210 0.570161 0.016935 0.016129
0 0.822177 0.622984 0.023387 0.021774
0 0.906048 0.577823 0.018548 0.021774
0 0.590726 0.529839 0.015323 0.014516
0 0.581855 0.509274 0.013710 0.013710
0 0.600000 0.515726 0.012903 0.010484
0 0.570968 0.527823 0.009677 0.012097
0 0.868145 0.379435 0.055645 0.021774
0 0.846774 0.419758 0.024194 0.015323
0 0.817742 0.416532 0.016129 0.015323
0 0.591935 0.363306 0.045161 0.018548
0 0.540726 0.437903 0.055645 0.035484
0 0.419758 0.464516 0.021774 0.038710
0 0.491129 0.366935 0.016129 0.012903
0 0.400806 0.329839 0.011290 0.011290
0 0.470968 0.370565 0.012903 0.015323
