0 0.245161 0.349194 0.111290 0.150000
0 0.013306 0.388710 0.026613 0.048387
0 0.041129 0.155645 0.082258 0.100000
0 0.679032 0.062903 0.040323 0.033871
0 0.771774 0.081452 0.035484 0.051613
0 0.719355 0.084677 0.025806 0.035484
0 0.879032 0.566129 0.116129 0.101613
0 0.784677 0.620968 0.058065 0.046774
0 0.527419 0.647177 0.027419 0.025000
0 0.762500 0.495565 0.026613 0.029839
0 0.727823 0.594355 0.039516 0.033871
0 0.684274 0.449194 0.047581 0.027419
0 0.489113 0.837903 0.023387 0.030645
0 0.894758 0.269355 0.052419 0.079032
0 0.859677 0.203226 0.058065 0.041935
0 0.923790 0.559677 0.152419 0.080645
