0 0.241935 0.781048 0.122581 0.178226
0 0.660484 0.445968 0.148387 0.117742
0 0.541532 0.401613 0.154032 0.146774
0 0.387097 0.410484 0.120968 0.103226
0 0.307258 0.635081 0.188710 0.136290
0 0.266532 0.563306 0.141129 0.136290
0 0.091532 0.641129 0.183065 0.246774
0 0.115726 0.015323 0.073387 0.030645
0 0.732661 0.015323 0.087903 0.030645
0 0.689919 0.393548 0.050806 0.043548
0 0.772984 0.420968 0.042742 0.046774
0 0.841129 0.402419 0.050000 0.050000
0 0.860887 0.459274 0.078226 0.065323
0 0.889516 0.667742 0.051613 0.088710
0 0.977419 0.645161 0.045161 0.082258
0 0.456855 0.088710 0.037903 0.040323
0 0.371371 0.095161 0.065323 0.046774
0 0.349194 0.273790 0.045161 0.044355
0 0.306855 0.405645 0.062097 0.087097
0 0.516935 0.892339 0.050000 0.047581
