0 0.905242 0.153226 0.033065 0.038710
0 0.614113 0.196371 0.125000 0.137903
0 0.725000 0.207258 0.043548 0.040323
0 0.783065 0.272984 0.066129 0.060484
0 0.794355 0.323790 0.117742 0.087903
0 0.760887 0.406452 0.071774 0.066129
0 0.477419 0.321774 0.056452 0.064516
0 0.440726 0.409677 0.070161 0.069355
0 0.415726 0.290726 0.047581 0.042742
0 0.151210 0.181452 0.037903 0.041935
0 0.085484 0.164516 0.066129 0.056452
0 0.184274 0.337903 0.062097 0.041935
0 0.212903 0.372177 0.072581 0.075000
0 0.020968 0.346774 0.041935 0.053226
0 0.074194 0.539516 0.054839 0.043548
0 0.016129 0.541129 0.032258 0.035484
0 0.012097 0.491129 0.024194 0.033871
0 0.049194 0.479032 0.046774 0.045161
0 0.170565 0.450000 0.108871 0.074194
0 0.601613 0.541935 0.117742 0.059677
0 0.393145 0.718548 0.071774 0.077419
0 0.569758 0.744758 0.058871 0.065323
